,mean_fit_time,std_fit_time,mean_score_time,std_score_time,param_max_depth,param_min_samples_split,params,split0_test_accuracy,split1_test_accuracy,split2_test_accuracy,split3_test_accuracy,mean_test_accuracy,std_test_accuracy,rank_test_accuracy
0,0.5588057041168213,0.020824580885285646,0.04254978895187378,0.013128299493267942,1,10,"{'max_depth': 1, 'min_samples_split': 10}",0.8327300438178701,0.831015431510764,0.832158506382168,0.8301737004223428,0.8315194525811086,0.0009923366746618474,226
1,0.5703572630882263,0.007090039797850708,0.06305700540542603,0.002908508039824821,1,30,"{'max_depth': 1, 'min_samples_split': 30}",0.8327300438178701,0.831015431510764,0.832158506382168,0.8301737004223428,0.8315194525811086,0.0009923366746618474,226
2,0.6278413534164429,0.02662060133746979,0.04313218593597412,0.012906028332225395,1,50,"{'max_depth': 1, 'min_samples_split': 50}",0.8327300438178701,0.831015431510764,0.832158506382168,0.8301737004223428,0.8315194525811086,0.0009923366746618474,226
3,0.5755135416984558,0.01784234619078393,0.06697195768356323,0.004680150508557687,1,70,"{'max_depth': 1, 'min_samples_split': 70}",0.8327300438178701,0.831015431510764,0.832158506382168,0.8301737004223428,0.8315194525811086,0.0009923366746618474,226
4,0.6163417100906372,0.03677070429533362,0.041172564029693604,0.00452328322487492,1,90,"{'max_depth': 1, 'min_samples_split': 90}",0.8327300438178701,0.831015431510764,0.832158506382168,0.8301737004223428,0.8315194525811086,0.0009923366746618474,226
5,0.5642531514167786,0.02179592492437435,0.05162316560745239,0.003715238741165327,1,110,"{'max_depth': 1, 'min_samples_split': 110}",0.8327300438178701,0.831015431510764,0.832158506382168,0.8301737004223428,0.8315194525811086,0.0009923366746618474,226
6,0.5868740677833557,0.009463121796184004,0.04540896415710449,0.007560198863603641,1,130,"{'max_depth': 1, 'min_samples_split': 130}",0.8327300438178701,0.831015431510764,0.832158506382168,0.8301737004223428,0.8315194525811086,0.0009923366746618474,226
7,0.5764448046684265,0.02170443522435486,0.05783545970916748,0.006380635559395003,1,150,"{'max_depth': 1, 'min_samples_split': 150}",0.8327300438178701,0.831015431510764,0.832158506382168,0.8301737004223428,0.8315194525811086,0.0009923366746618474,226
8,0.59238600730896,0.008233949674601695,0.04126846790313721,0.001196777016164934,1,170,"{'max_depth': 1, 'min_samples_split': 170}",0.8327300438178701,0.831015431510764,0.832158506382168,0.8301737004223428,0.8315194525811086,0.0009923366746618474,226
9,0.608635425567627,0.05570258226066301,0.04925394058227539,0.0011800914433491953,1,190,"{'max_depth': 1, 'min_samples_split': 190}",0.8327300438178701,0.831015431510764,0.832158506382168,0.8301737004223428,0.8315194525811086,0.0009923366746618474,226
10,0.6002145409584045,0.022197656830377523,0.05146580934524536,0.006185763104554453,1,210,"{'max_depth': 1, 'min_samples_split': 210}",0.8327300438178701,0.831015431510764,0.832158506382168,0.8301737004223428,0.8315194525811086,0.0009923366746618474,226
11,0.6118018627166748,0.05265007694514585,0.06398135423660278,0.011859425139151877,1,230,"{'max_depth': 1, 'min_samples_split': 230}",0.8327300438178701,0.831015431510764,0.832158506382168,0.8301737004223428,0.8315194525811086,0.0009923366746618474,226
12,0.5948993563652039,0.046841064076762286,0.04379040002822876,0.010307818482099532,1,250,"{'max_depth': 1, 'min_samples_split': 250}",0.8327300438178701,0.831015431510764,0.832158506382168,0.8301737004223428,0.8315194525811086,0.0009923366746618474,226
13,0.5799994468688965,0.048128946550115924,0.05353480577468872,0.008305905167030522,1,270,"{'max_depth': 1, 'min_samples_split': 270}",0.8327300438178701,0.831015431510764,0.832158506382168,0.8301737004223428,0.8315194525811086,0.0009923366746618474,226
14,0.5916873812675476,0.06102802409828428,0.050248146057128906,0.013179332133239562,1,290,"{'max_depth': 1, 'min_samples_split': 290}",0.8327300438178701,0.831015431510764,0.832158506382168,0.8301737004223428,0.8315194525811086,0.0009923366746618474,226
15,0.60145103931427,0.0760625749573494,0.05669504404067993,0.015389660797244903,1,310,"{'max_depth': 1, 'min_samples_split': 310}",0.8327300438178701,0.831015431510764,0.832158506382168,0.8301737004223428,0.8315194525811086,0.0009923366746618474,226
16,0.5760499238967896,0.024416774477998907,0.0489048957824707,0.006318893442559331,1,330,"{'max_depth': 1, 'min_samples_split': 330}",0.8327300438178701,0.831015431510764,0.832158506382168,0.8301737004223428,0.8315194525811086,0.0009923366746618474,226
17,0.5662510991096497,0.018275071772470758,0.05229288339614868,0.004606078084987774,1,350,"{'max_depth': 1, 'min_samples_split': 350}",0.8327300438178701,0.831015431510764,0.832158506382168,0.8301737004223428,0.8315194525811086,0.0009923366746618474,226
18,0.5680927634239197,0.027910374130775767,0.048845112323760986,0.005046435146734495,1,370,"{'max_depth': 1, 'min_samples_split': 370}",0.8327300438178701,0.831015431510764,0.832158506382168,0.8301737004223428,0.8315194525811086,0.0009923366746618474,226
19,0.5847562551498413,0.012344369697593971,0.0490117073059082,0.005305184279023809,1,390,"{'max_depth': 1, 'min_samples_split': 390}",0.8327300438178701,0.831015431510764,0.832158506382168,0.8301737004223428,0.8315194525811086,0.0009923366746618474,226
20,0.5855153203010559,0.076504476184161,0.0562586784362793,0.0038952152125455684,1,410,"{'max_depth': 1, 'min_samples_split': 410}",0.8327300438178701,0.831015431510764,0.832158506382168,0.8301737004223428,0.8315194525811086,0.0009923366746618474,226
21,0.5908175706863403,0.04284906847707815,0.04373645782470703,0.008914186384685559,1,430,"{'max_depth': 1, 'min_samples_split': 430}",0.8327300438178701,0.831015431510764,0.832158506382168,0.8301737004223428,0.8315194525811086,0.0009923366746618474,226
22,0.5520510673522949,0.039342934587619414,0.056070148944854736,0.01089209412914449,1,450,"{'max_depth': 1, 'min_samples_split': 450}",0.8327300438178701,0.831015431510764,0.832158506382168,0.8301737004223428,0.8315194525811086,0.0009923366746618474,226
23,0.6078212261199951,0.04487339176043736,0.052870094776153564,0.011893710554047966,1,470,"{'max_depth': 1, 'min_samples_split': 470}",0.8327300438178701,0.831015431510764,0.832158506382168,0.8301737004223428,0.8315194525811086,0.0009923366746618474,226
24,0.5741057991981506,0.023471503955550067,0.06267434358596802,0.004998430728023362,1,490,"{'max_depth': 1, 'min_samples_split': 490}",0.8327300438178701,0.831015431510764,0.832158506382168,0.8301737004223428,0.8315194525811086,0.0009923366746618474,226
25,0.927815318107605,0.005586853881433688,0.040986716747283936,0.006245875152797614,3,10,"{'max_depth': 3, 'min_samples_split': 10}",0.9603416523782308,0.9598653711818124,0.9603099002984695,0.9601790987901305,0.9601740055408698,0.00018831976245668654,201
26,0.9015039801597595,0.01834601355674911,0.053208351135253906,0.0028967072384013946,3,30,"{'max_depth': 3, 'min_samples_split': 30}",0.9603416523782308,0.9598653711818124,0.9603099002984695,0.9601790987901305,0.9601740055408698,0.00018831976245668654,201
27,0.9429019093513489,0.046829229138926884,0.03694117069244385,0.008950868474897471,3,50,"{'max_depth': 3, 'min_samples_split': 50}",0.9603416523782308,0.9598653711818124,0.9603099002984695,0.9601790987901305,0.9601740055408698,0.00018831976245668654,201
28,0.9226164817810059,0.038614389831223825,0.05887329578399658,0.009969200483978693,3,70,"{'max_depth': 3, 'min_samples_split': 70}",0.9603416523782308,0.9598653711818124,0.9603099002984695,0.9601790987901305,0.9601740055408698,0.00018831976245668654,201
29,0.9181495904922485,0.015556344775687583,0.04026460647583008,0.007132529040870922,3,90,"{'max_depth': 3, 'min_samples_split': 90}",0.9603416523782308,0.9598653711818124,0.9603099002984695,0.9601790987901305,0.9601740055408698,0.00018831976245668654,201
30,0.883230447769165,0.03344288227754088,0.048252761363983154,0.007415858425270987,3,110,"{'max_depth': 3, 'min_samples_split': 110}",0.9603416523782308,0.9598653711818124,0.9603099002984695,0.9601790987901305,0.9601740055408698,0.00018831976245668654,201
31,0.9163329005241394,0.040711869326296724,0.04197084903717041,0.008179083059298377,3,130,"{'max_depth': 3, 'min_samples_split': 130}",0.9603416523782308,0.9598653711818124,0.9603099002984695,0.9601790987901305,0.9601740055408698,0.00018831976245668654,201
32,0.8748561143875122,0.023966193066335975,0.05344480276107788,0.004119033019945975,3,150,"{'max_depth': 3, 'min_samples_split': 150}",0.9603416523782308,0.9598653711818124,0.9603099002984695,0.9601790987901305,0.9601740055408698,0.00018831976245668654,201
33,0.9381042718887329,0.037095574792975074,0.040811121463775635,0.009017926939216866,3,170,"{'max_depth': 3, 'min_samples_split': 170}",0.9603416523782308,0.9598653711818124,0.9603099002984695,0.9601790987901305,0.9601740055408698,0.00018831976245668654,201
34,0.9767865538597107,0.08128779452132164,0.047905921936035156,0.0060275717006298335,3,190,"{'max_depth': 3, 'min_samples_split': 190}",0.9603416523782308,0.9598653711818124,0.9603099002984695,0.9601790987901305,0.9601740055408698,0.00018831976245668654,201
35,0.8954461216926575,0.02314435091195256,0.04083377122879028,0.009223435655680944,3,210,"{'max_depth': 3, 'min_samples_split': 210}",0.9603416523782308,0.9598653711818124,0.9603099002984695,0.9601790987901305,0.9601740055408698,0.00018831976245668654,201
36,0.8876127600669861,0.029458132257844546,0.0458255410194397,0.0026754662977029778,3,230,"{'max_depth': 3, 'min_samples_split': 230}",0.9603416523782308,0.9598653711818124,0.9603099002984695,0.9601790987901305,0.9601740055408698,0.00018831976245668654,201
37,0.8819953799247742,0.005628251373585011,0.033864736557006836,0.004168691967452476,3,250,"{'max_depth': 3, 'min_samples_split': 250}",0.9603416523782308,0.9598653711818124,0.9603099002984695,0.9601790987901305,0.9601740055408698,0.00018831976245668654,201
38,0.8810650110244751,0.021376544432816145,0.03760498762130737,0.003916701121230515,3,270,"{'max_depth': 3, 'min_samples_split': 270}",0.9603416523782308,0.9598653711818124,0.9603099002984695,0.9601790987901305,0.9601740055408698,0.00018831976245668654,201
39,0.8745997548103333,0.016694196699279563,0.046242594718933105,0.014602859876378682,3,290,"{'max_depth': 3, 'min_samples_split': 290}",0.9603416523782308,0.9598653711818124,0.9603099002984695,0.9601790987901305,0.9601740055408698,0.00018831976245668654,201
40,0.9176054000854492,0.024330411923121322,0.04548776149749756,0.0072861618634731925,3,310,"{'max_depth': 3, 'min_samples_split': 310}",0.9603416523782308,0.9598653711818124,0.9603099002984695,0.9601790987901305,0.9601740055408698,0.00018831976245668654,201
41,0.9237790107727051,0.0799987711652497,0.04273122549057007,0.007814810512253453,3,330,"{'max_depth': 3, 'min_samples_split': 330}",0.9603416523782308,0.9598653711818124,0.9603099002984695,0.9601790987901305,0.9601740055408698,0.00018831976245668654,201
42,0.9249783754348755,0.06850538237624078,0.04538106918334961,0.007784765510430092,3,350,"{'max_depth': 3, 'min_samples_split': 350}",0.9603416523782308,0.9598653711818124,0.9603099002984695,0.9601790987901305,0.9601740055408698,0.00018831976245668654,201
43,0.913283109664917,0.06729288953019515,0.041171908378601074,0.0037320987264224757,3,370,"{'max_depth': 3, 'min_samples_split': 370}",0.9603416523782308,0.9598653711818124,0.9603099002984695,0.9601790987901305,0.9601740055408698,0.00018831976245668654,201
44,0.9806555509567261,0.027400754745260183,0.04348033666610718,0.00866181554331255,3,390,"{'max_depth': 3, 'min_samples_split': 390}",0.9603416523782308,0.9598653711818124,0.9603099002984695,0.9601790987901305,0.9601740055408698,0.00018831976245668654,201
45,0.8936071991920471,0.04991931630489882,0.04348224401473999,0.007997434260504215,3,410,"{'max_depth': 3, 'min_samples_split': 410}",0.9603416523782308,0.9598653711818124,0.9603099002984695,0.9601790987901305,0.9601740055408698,0.00018831976245668654,201
46,0.886077344417572,0.007709378832506076,0.04483461380004883,0.004941749427014808,3,430,"{'max_depth': 3, 'min_samples_split': 430}",0.9603416523782308,0.9598653711818124,0.9603099002984695,0.9601790987901305,0.9601740055408698,0.00018831976245668654,201
47,0.9020175933837891,0.05134179448971102,0.03955364227294922,0.007803453469971551,3,450,"{'max_depth': 3, 'min_samples_split': 450}",0.9603416523782308,0.9598653711818124,0.9603099002984695,0.9601790987901305,0.9601740055408698,0.00018831976245668654,201
48,0.8969860076904297,0.0244744787898006,0.03777003288269043,0.0032060279618612627,3,470,"{'max_depth': 3, 'min_samples_split': 470}",0.9603416523782308,0.9598653711818124,0.9603099002984695,0.9601790987901305,0.9601740055408698,0.00018831976245668654,201
49,0.9057744145393372,0.02453985252213497,0.04078519344329834,0.005160115147980957,3,490,"{'max_depth': 3, 'min_samples_split': 490}",0.9603416523782308,0.9598653711818124,0.9603099002984695,0.9601790987901305,0.9601740055408698,0.00018831976245668654,201
50,1.1868936419487,0.009169199971829528,0.0380939245223999,0.0023579246261158423,5,10,"{'max_depth': 5, 'min_samples_split': 10}",0.9839651997205817,0.9839334476408205,0.9832666539658348,0.9838684068464005,0.9837584244242814,0.000286063851827871,176
51,1.220150887966156,0.019166076481333602,0.04305952787399292,0.00666149166917306,5,30,"{'max_depth': 5, 'min_samples_split': 30}",0.9839651997205817,0.9839334476408205,0.9832666539658348,0.9838684068464005,0.9837584244242814,0.000286063851827871,176
52,1.1737420558929443,0.019281006529107653,0.03775209188461304,0.003946488497846332,5,50,"{'max_depth': 5, 'min_samples_split': 50}",0.9839651997205817,0.9839334476408205,0.9832666539658348,0.9838684068464005,0.9837584244242814,0.000286063851827871,176
53,1.2389672994613647,0.03369388023846477,0.03831136226654053,0.004454749882075038,5,70,"{'max_depth': 5, 'min_samples_split': 70}",0.9839651997205817,0.9839334476408205,0.9832666539658348,0.9838684068464005,0.9837584244242814,0.000286063851827871,176
54,1.1822415590286255,0.015082046971933452,0.040379345417022705,0.005623075680913369,5,90,"{'max_depth': 5, 'min_samples_split': 90}",0.9839651997205817,0.9839334476408205,0.9832666539658348,0.9838366517417675,0.9837504862153001,0.0002833292500174811,184
55,1.2744284868240356,0.05640749676088511,0.036915719509124756,0.01007357589732669,5,110,"{'max_depth': 5, 'min_samples_split': 110}",0.9839651997205817,0.9839334476408205,0.9832666539658348,0.9838366517417675,0.9837504862153001,0.0002833292500174811,184
56,1.173754870891571,0.020302662024179123,0.03986603021621704,0.004843671084801432,5,130,"{'max_depth': 5, 'min_samples_split': 130}",0.9839651997205817,0.9839334476408205,0.9832666539658348,0.9838366517417675,0.9837504862153001,0.0002833292500174811,184
57,1.1978694200515747,0.056617873365499984,0.035954058170318604,0.00870255766278405,5,150,"{'max_depth': 5, 'min_samples_split': 150}",0.9839651997205817,0.9839334476408205,0.9832666539658348,0.9838684068464005,0.9837584244242814,0.000286063851827871,176
58,1.1866503953933716,0.010860704560863925,0.039250314235687256,0.001011297341127578,5,170,"{'max_depth': 5, 'min_samples_split': 170}",0.9839651997205817,0.9839334476408205,0.9832666539658348,0.9838684068464005,0.9837584244242814,0.000286063851827871,176
59,1.2581856846809387,0.05160788580227844,0.04493671655654907,0.009377895579891252,5,190,"{'max_depth': 5, 'min_samples_split': 190}",0.9839651997205817,0.9839334476408205,0.9832666539658348,0.9838684068464005,0.9837584244242814,0.000286063851827871,176
60,1.1819214820861816,0.009777174429880922,0.04038536548614502,0.002341426272533484,5,210,"{'max_depth': 5, 'min_samples_split': 210}",0.9839651997205817,0.9839334476408205,0.9832666539658348,0.9838684068464005,0.9837584244242814,0.000286063851827871,176
61,1.2652486562728882,0.049550840365768636,0.043379127979278564,0.005999903027131589,5,230,"{'max_depth': 5, 'min_samples_split': 230}",0.9839651997205817,0.9839334476408205,0.9832666539658348,0.9838366517417675,0.9837504862153001,0.0002833292500174811,184
62,1.1676743030548096,0.01438041266251001,0.04575568437576294,0.0025538912391687286,5,250,"{'max_depth': 5, 'min_samples_split': 250}",0.9839334476408205,0.983869943481298,0.9832666539658348,0.9838048966371344,0.983718733379375,0.0002649398947256621,192
63,1.1886224150657654,0.035200392396422864,0.03899592161178589,0.008990318829206685,5,270,"{'max_depth': 5, 'min_samples_split': 270}",0.9839334476408205,0.983869943481298,0.9832031498063123,0.9838048966371344,0.9837028569614124,0.000292068672048472,194
64,1.1689336895942688,0.021048553103582265,0.04736548662185669,0.005996629477692005,5,290,"{'max_depth': 5, 'min_samples_split': 290}",0.9839334476408205,0.983869943481298,0.9832031498063123,0.9838366517417675,0.9837107951703936,0.0002951494489706118,193
65,1.2034319043159485,0.036442362796231864,0.03678697347640991,0.008307707332593124,5,310,"{'max_depth': 5, 'min_samples_split': 310}",0.9839334476408205,0.983869943481298,0.9832031498063123,0.9839319170556667,0.9837346097973375,0.0003079110639028579,188
66,1.2342025637626648,0.05217603206220959,0.044911980628967285,0.005623371923932884,5,330,"{'max_depth': 5, 'min_samples_split': 330}",0.9839334476408205,0.983869943481298,0.9832031498063123,0.9839319170556667,0.9837346097973375,0.0003079110639028579,188
67,1.1720982789993286,0.05416236536029334,0.03847312927246094,0.006923817911519976,5,350,"{'max_depth': 5, 'min_samples_split': 350}",0.9839334476408205,0.983869943481298,0.9832031498063123,0.9839319170556667,0.9837346097973375,0.0003079110639028579,188
68,1.2078608274459839,0.0327038977723919,0.04860430955886841,0.01775277054108239,5,370,"{'max_depth': 5, 'min_samples_split': 370}",0.9839334476408205,0.983869943481298,0.9832031498063123,0.9839319170556667,0.9837346097973375,0.0003079110639028579,188
69,1.210146427154541,0.07929261319884291,0.042651355266571045,0.013049684933071952,5,390,"{'max_depth': 5, 'min_samples_split': 390}",0.9839334476408205,0.983869943481298,0.9832031498063123,0.9809469372201581,0.9829884181530963,0.0012128133449944498,195
70,1.2519044280052185,0.06708793609394553,0.047957658767700195,0.01194355052222584,5,410,"{'max_depth': 5, 'min_samples_split': 410}",0.9803454626278021,0.9823458436527592,0.9811392646218328,0.9794544473024038,0.9808212871012042,0.0010630112915562056,196
71,1.228177785873413,0.09231382503131728,0.04590529203414917,0.012071671243348936,5,430,"{'max_depth': 5, 'min_samples_split': 430}",0.9797421731123389,0.9796469168730552,0.9793611481552041,0.9794544473024038,0.9795511736641979,0.00015092590314193813,197
72,1.2366012334823608,0.049176046469125136,0.043763935565948486,0.01120228930544801,5,450,"{'max_depth': 5, 'min_samples_split': 450}",0.9797421731123389,0.9796469168730552,0.9793611481552041,0.9794544473024038,0.9795511736641979,0.00015092590314193813,197
73,1.2585898637771606,0.06366567781245563,0.04943591356277466,0.010560365413170117,5,470,"{'max_depth': 5, 'min_samples_split': 470}",0.9797421731123389,0.9796469168730552,0.9793611481552041,0.9794544473024038,0.9795511736641979,0.00015092590314193813,197
74,1.1832930445671082,0.032799039234375035,0.03924447298049927,0.011615469301250615,5,490,"{'max_depth': 5, 'min_samples_split': 490}",0.9797421731123389,0.9796469168730552,0.9793611481552041,0.9794544473024038,0.9795511736641979,0.00015092590314193813,197
75,1.4982145428657532,0.04913206055785142,0.0342404842376709,0.006286403804752512,7,10,"{'max_depth': 7, 'min_samples_split': 10}",0.9935543278084714,0.9936178319679939,0.9929827903727694,0.9933949382363215,0.9933874719185857,0.00024735367523555835,66
76,1.4609586000442505,0.03394953189832696,0.046021103858947754,0.008019245407093166,7,30,"{'max_depth': 7, 'min_samples_split': 30}",0.993490823648949,0.9933320632501429,0.992919286213247,0.993204407608523,0.9932366459479413,0.0002094465066951876,71
77,1.5054516196250916,0.0827173301299199,0.031845271587371826,0.0022839917037549102,7,50,"{'max_depth': 7, 'min_samples_split': 50}",0.9932368070108593,0.993205054931098,0.992633517495396,0.9929821218760916,0.9930143760964651,0.00024079709433592411,74
78,1.4403704404830933,0.03925557492477695,0.04337418079376221,0.012156301743961173,7,70,"{'max_depth': 7, 'min_samples_split': 70}",0.9929510382930082,0.9930462945322919,0.9926017654156347,0.9929821218760916,0.9928953029617458,0.00017292254535454312,80
79,1.4501506090164185,0.004746280407377536,0.0332987904548645,0.0032795542241298324,7,90,"{'max_depth': 7, 'min_samples_split': 90}",0.9928557820537245,0.9930462945322919,0.9925382612561123,0.9929821218760916,0.9928556119168394,0.00019562605993066879,81
80,1.46066153049469,0.016154237069464644,0.040466248989105225,0.004626709553020129,7,110,"{'max_depth': 7, 'min_samples_split': 110}",0.9927287737346796,0.992919286213247,0.9925065091763511,0.9929821218760916,0.9927841680360077,0.00018547584737829424,82
81,1.4318360090255737,0.003103150122833446,0.03149271011352539,0.0037998157968197836,7,130,"{'max_depth': 7, 'min_samples_split': 130}",0.9926652695751572,0.9928875341334857,0.9924112529370673,0.9930138769807246,0.9927444769911012,0.00022932067138906455,84
82,1.4591500163078308,0.021201950618716853,0.04041266441345215,0.003534381562245488,7,150,"{'max_depth': 7, 'min_samples_split': 150}",0.9926970216549184,0.9926652695751572,0.9924112529370673,0.9926328157251278,0.9926015892294381,0.00011221256507275224,86
83,1.4450939297676086,0.020222461125874152,0.03479576110839844,0.0059361000984875295,7,170,"{'max_depth': 7, 'min_samples_split': 170}",0.992633517495396,0.9924112529370673,0.9912364259859021,0.9923470197834302,0.9921570495264859,0.0005420567434292996,118
84,1.455161690711975,0.01963848737312296,0.04083889722824097,0.0017522764126633634,7,190,"{'max_depth': 7, 'min_samples_split': 190}",0.9925700133358735,0.9923795008573062,0.991077665587096,0.9923787748880633,0.9921014820636168,0.000596224376484412,122
85,1.439845323562622,0.008133900525105276,0.034652888774871826,0.0022980543846982293,7,210,"{'max_depth': 7, 'min_samples_split': 210}",0.9925700133358735,0.9915856988632755,0.990379119832349,0.9917436727954019,0.9915696220618704,0.0007824138624272724,126
86,1.448006808757782,0.022381436542866468,0.038776278495788574,0.0009275493116306388,7,230,"{'max_depth': 7, 'min_samples_split': 230}",0.9919667238204103,0.9915856988632755,0.990379119832349,0.9917436727954019,0.9914187960912259,0.0006153411538287682,131
87,1.429726779460907,0.007685249429639346,0.04061204195022583,0.011506424966170709,7,250,"{'max_depth': 7, 'min_samples_split': 250}",0.991934971740649,0.9915856988632755,0.990379119832349,0.9916801625861357,0.9913949814642821,0.0006002691746919376,132
88,1.4441061615943909,0.02385426272643958,0.03863990306854248,0.0011699303228041684,7,270,"{'max_depth': 7, 'min_samples_split': 270}",0.991934971740649,0.9915856988632755,0.9903156156728266,0.9911085707027405,0.9912362172846563,0.0006070893048935586,137
89,1.417543649673462,0.0039143067193684305,0.03521525859832764,0.007545271971438298,7,290,"{'max_depth': 7, 'min_samples_split': 290}",0.991934971740649,0.9915856988632755,0.9903156156728266,0.9911403258073735,0.9912441554936375,0.0006055740393421154,136
90,1.448605477809906,0.024714796947239166,0.036005258560180664,0.002766631674527256,7,310,"{'max_depth': 7, 'min_samples_split': 310}",0.991934971740649,0.9915856988632755,0.9903156156728266,0.9912355911212728,0.9912679701205814,0.0006028898391013889,134
91,1.4306177496910095,0.018091158997992587,0.03862619400024414,0.005210336327026454,7,330,"{'max_depth': 7, 'min_samples_split': 330}",0.991934971740649,0.9915856988632755,0.9903156156728266,0.9912355911212728,0.9912679701205814,0.0006028898391013889,134
92,1.4504579305648804,0.035597797855365404,0.03539758920669556,0.0036348517290165235,7,350,"{'max_depth': 7, 'min_samples_split': 350}",0.991934971740649,0.9915856988632755,0.9903156156728266,0.990918040074942,0.9911885880307685,0.0006225135603751839,138
93,1.4342384934425354,0.011433637346924127,0.03410029411315918,0.004283565042429305,7,370,"{'max_depth': 7, 'min_samples_split': 370}",0.991934971740649,0.9915856988632755,0.9902521115133042,0.9909497951795752,0.9911806498217872,0.0006419847588129839,139
94,1.4430302381515503,0.03128379127302654,0.03732442855834961,0.0016608927432749873,7,390,"{'max_depth': 7, 'min_samples_split': 390}",0.9918079634216042,0.9915539467835143,0.9902521115133042,0.9879648153440665,0.9903947671326395,0.0015219638405267447,140
95,1.4261119961738586,0.01098414662854843,0.03886193037033081,0.008429093073332266,7,410,"{'max_depth': 7, 'min_samples_split': 410}",0.9882199784085858,0.9890772845621388,0.9874579284943164,0.9864723254263122,0.9878069110047392,0.0009601170841473351,147
96,1.4311369061470032,0.0075215908521927295,0.04036140441894531,0.0022446706135656174,7,430,"{'max_depth': 7, 'min_samples_split': 430}",0.9870133993776592,0.9863783577824348,0.9856798120276878,0.9854879171826871,0.9861398871186683,0.0006034525683122351,172
97,1.4418009519577026,0.03569526951244283,0.03424072265625,0.004705624651579745,7,450,"{'max_depth': 7, 'min_samples_split': 450}",0.9870133993776592,0.9863783577824348,0.9856798120276878,0.9854879171826871,0.9861398871186683,0.0006034525683122351,172
98,1.432069718837738,0.01061229150153013,0.03836166858673096,0.0022847891244483173,7,470,"{'max_depth': 7, 'min_samples_split': 470}",0.9870133993776592,0.9863783577824348,0.9856798120276878,0.9854879171826871,0.9861398871186683,0.0006034525683122351,172
99,1.435075581073761,0.027357518109989504,0.04221475124359131,0.0040825752980996385,7,490,"{'max_depth': 7, 'min_samples_split': 490}",0.9870133993776592,0.9863783577824348,0.9856798120276878,0.9854879171826871,0.9861398871186683,0.0006034525683122351,172
100,1.7021480798721313,0.02009993554758389,0.03648871183395386,0.003082105647225002,9,10,"{'max_depth': 9, 'min_samples_split': 10}",0.9962850066679367,0.9958722296310408,0.9960944941893694,0.9959988568162332,0.9960626483452804,0.00015065507106084522,16
101,1.6671361923217773,0.03336601703050635,0.03939008712768555,0.009484168475796112,9,30,"{'max_depth': 9, 'min_samples_split': 30}",0.9959674858703245,0.9954912046739062,0.9959357337905633,0.995459020037471,0.9957133671501036,0.00023878396890838257,25
102,1.6942745447158813,0.03272124500275556,0.04306912422180176,0.006813880699997721,9,50,"{'max_depth': 9, 'min_samples_split': 50}",0.9952689401155775,0.9952689401155775,0.9953959484346224,0.9952049792004065,0.9952847038651139,6.933292951036398e-05,37
103,1.7011457085609436,0.044914539321017924,0.039784252643585205,0.011088609581855226,9,70,"{'max_depth': 9, 'min_samples_split': 70}",0.994760906839398,0.9950149234774878,0.9952689401155775,0.994982693467975,0.9950068665507689,0.0001801603599095481,40
104,1.7159111499786377,0.021464593892152842,0.03754115104675293,0.0025943321339159118,9,90,"{'max_depth': 9, 'min_samples_split': 90}",0.9946656506001144,0.9949831713977265,0.9952054359560552,0.9949191832587089,0.9949433608789185,0.00019234035460632859,41
105,1.6848227381706238,0.04485096397554541,0.04004406929016113,0.010062063717022994,9,110,"{'max_depth': 9, 'min_samples_split': 110}",0.9946021464405919,0.9948561630786816,0.9951101797167714,0.9948874281540757,0.9948639787891056,0.00018012847629491702,46
106,1.7072030901908875,0.04351674656903721,0.0353238582611084,0.006932774705242384,9,130,"{'max_depth': 9, 'min_samples_split': 130}",0.9944433860417857,0.9945703943608306,0.9948244109989204,0.9948239179448096,0.9946655235645734,0.00016487028259443173,47
107,1.6776698231697083,0.026529867526133347,0.04050534963607788,0.007372190510192957,9,150,"{'max_depth': 9, 'min_samples_split': 150}",0.9941258652441735,0.9939353527656062,0.9948561630786816,0.9944746117938459,0.9943479952053218,0.0003513872810551061,54
108,1.6993167996406555,0.03508883951203951,0.031761348247528076,0.003335654617342151,9,170,"{'max_depth': 9, 'min_samples_split': 170}",0.9940941131644123,0.9937130882072776,0.9936495840477552,0.994125305642882,0.9938955172933883,0.00021564202865454108,59
109,1.6721012592315674,0.01066241785611552,0.04053622484207153,0.007725596379861827,9,190,"{'max_depth': 9, 'min_samples_split': 190}",0.9939988569251286,0.9935860798882327,0.9935225757287103,0.994125305642882,0.9938081969945941,0.00025875732817752403,61
110,1.6991883516311646,0.029687456311375048,0.03682130575180054,0.0035977550275075243,9,210,"{'max_depth': 9, 'min_samples_split': 210}",0.9940306090048898,0.992919286213247,0.9928240299739632,0.9934902035502207,0.9933160280377541,0.0004848836829401761,68
111,1.6708378791809082,0.006913634838861021,0.041182100772857666,0.004094392383476474,9,230,"{'max_depth': 9, 'min_samples_split': 230}",0.9927287737346796,0.9925382612561123,0.9928240299739632,0.9929503667714585,0.9927603534090639,0.0001504000486382945,83
112,1.6900180578231812,0.03603593941570026,0.03450322151184082,0.0027610444607165394,9,250,"{'max_depth': 9, 'min_samples_split': 250}",0.9927287737346796,0.9925382612561123,0.9925065091763511,0.9929186116668255,0.9926730331102697,0.000165307574030095,85
113,1.6426483392715454,0.021691309929113247,0.04048103094100952,0.0037369250015113946,9,270,"{'max_depth': 9, 'min_samples_split': 270}",0.9924112529370673,0.9925382612561123,0.9924430050168286,0.9917754279000349,0.9922919990791678,0.00030186850622306895,113
114,1.6956231594085693,0.04649781708230133,0.03644794225692749,0.004907338661225295,9,290,"{'max_depth': 9, 'min_samples_split': 290}",0.9923795008573062,0.9921889883787388,0.9920937321394552,0.991807183004668,0.9921173584815793,0.00020652566202361054,121
115,1.6650062799453735,0.01336509057530331,0.04506874084472656,0.004444432791365223,9,310,"{'max_depth': 9, 'min_samples_split': 310}",0.9924112529370673,0.9921889883787388,0.9920937321394552,0.9919024483185672,0.9921491113175045,0.00018317703028517774,119
116,1.704191267490387,0.040920033797986095,0.03686600923538208,0.003710631105564693,9,330,"{'max_depth': 9, 'min_samples_split': 330}",0.9923795008573062,0.9922524925382613,0.9920937321394552,0.9918706932139342,0.9921491113175045,0.00018996484158021772,119
117,1.6572328209877014,0.02367388724591297,0.042336344718933105,0.008087073203678465,9,350,"{'max_depth': 9, 'min_samples_split': 350}",0.9924112529370673,0.9922524925382613,0.9920937321394552,0.9916166523768696,0.9920935438546356,0.0002973281097709831,123
118,1.6962950825691223,0.04456009922704593,0.035079240798950195,0.007294097676554561,9,370,"{'max_depth': 9, 'min_samples_split': 370}",0.9923795008573062,0.9922524925382613,0.9920302279799327,0.9916166523768696,0.9920697292276917,0.0002899087457580747,124
119,1.6516706943511963,0.028287650843629598,0.04539060592651367,0.012885244851430565,9,390,"{'max_depth': 9, 'min_samples_split': 390}",0.9922524925382613,0.9922207404585001,0.9920302279799327,0.988631672541361,0.991283846538544,0.001533518131164451,133
120,1.680371105670929,0.022810156676849512,0.03889667987823486,0.007514361390758651,9,410,"{'max_depth': 9, 'min_samples_split': 410}",0.9886962596050042,0.9897123261573633,0.989236044960945,0.9871391826236068,0.9886959904106436,0.0009680013191365664,146
121,1.6714370250701904,0.06042201136240475,0.051462650299072266,0.007301441045535505,9,430,"{'max_depth': 9, 'min_samples_split': 430}",0.9874896805740776,0.9870451514574204,0.9874579284943164,0.9861547743799816,0.987036904733554,0.0005386191717862242,168
122,1.6761022806167603,0.021601192333286837,0.03899586200714111,0.008381910882946281,9,450,"{'max_depth': 9, 'min_samples_split': 450}",0.9874896805740776,0.9870451514574204,0.9874579284943164,0.9861547743799816,0.987036904733554,0.0005386191717862242,168
123,1.6886634230613708,0.03500819563552063,0.048061907291412354,0.004870404216331174,9,470,"{'max_depth': 9, 'min_samples_split': 470}",0.9874579284943164,0.9870451514574204,0.9874579284943164,0.9861547743799816,0.9870289665245727,0.0005320819421959991,170
124,1.6758858561515808,0.024499620822491342,0.03711724281311035,0.008752032598178984,9,490,"{'max_depth': 9, 'min_samples_split': 490}",0.9874579284943164,0.9870451514574204,0.9874579284943164,0.9861547743799816,0.9870289665245727,0.0005320819421959991,170
125,1.9656232595443726,0.025744407629646124,0.04328739643096924,0.006997409613035087,11,10,"{'max_depth': 11, 'min_samples_split': 10}",0.9972693211405347,0.9964437670667429,0.9971105607417285,0.9970467752691246,0.9969676041691473,0.0003131101351958212,6
126,1.9112054109573364,0.017817700025858738,0.035614609718322754,0.005302480507474194,11,30,"{'max_depth': 11, 'min_samples_split': 30}",0.9967295357845939,0.9959992379500857,0.9970788086619674,0.9962211425486647,0.9965071880482326,0.000423093733569036,10
127,1.9388561248779297,0.03676274924212779,0.041555047035217285,0.008398918913948223,11,50,"{'max_depth': 11, 'min_samples_split': 50}",0.9960627421096082,0.9957452213119959,0.9962215025084143,0.9959671017116002,0.99599914267343,0.0001724776807783551,17
128,1.9137874841690063,0.0121070440777585,0.03558427095413208,0.005257181202964069,11,70,"{'max_depth': 11, 'min_samples_split': 70}",0.9954277005143837,0.9954594525941449,0.9960627421096082,0.995427264932838,0.9955942940153842,0.00027077770475543986,26
129,1.9322696328163147,0.03915889153933798,0.04053765535354614,0.004480513330749104,11,90,"{'max_depth': 11, 'min_samples_split': 90}",0.9953324442751,0.9953959484346224,0.996030990029847,0.9953637547235719,0.9955307883435339,0.0002896676814624421,28
130,1.9036210179328918,0.018812880006962907,0.038156092166900635,0.006744078082503958,11,110,"{'max_depth': 11, 'min_samples_split': 110}",0.9952371880358164,0.9952371880358164,0.9957134692322347,0.9953637547235719,0.9953879005818708,0.00019494234794528104,32
131,1.9333685636520386,0.03609799789904108,0.03684276342391968,0.007206830040647933,11,130,"{'max_depth': 11, 'min_samples_split': 130}",0.9951419317965327,0.9949196672382041,0.9955547088334286,0.9952684894096726,0.9952211981932636,0.0002294965624717615,38
132,1.9140528440475464,0.04581423431198927,0.036251723766326904,0.006524806090192149,11,150,"{'max_depth': 11, 'min_samples_split': 150}",0.9949196672382041,0.9943798818822633,0.9954912046739062,0.9949191832587089,0.9949274844609559,0.000392999296190159,43
133,1.9397249817848206,0.043660381532402114,0.03528207540512085,0.003071397571148277,11,170,"{'max_depth': 11, 'min_samples_split': 170}",0.9948244109989204,0.9941258652441735,0.9944433860417857,0.994538122003112,0.9944829447580037,0.000249359191886337,49
134,1.8960362672805786,0.03062492275868588,0.03705865144729614,0.007535228247530333,11,190,"{'max_depth': 11, 'min_samples_split': 190}",0.9945068902013082,0.9940623610846511,0.9942846256429796,0.994538122003112,0.9943479952053218,0.00019170187049042726,54
135,1.9367919564247131,0.03893025284450398,0.03586912155151367,0.004977988879102093,11,210,"{'max_depth': 11, 'min_samples_split': 210}",0.9945386422810694,0.993205054931098,0.993490823648949,0.9939347750150836,0.9937923205766315,0.0005032625761393826,62
136,1.8982824087142944,0.030919259159648882,0.03724658489227295,0.005096535617060865,11,230,"{'max_depth': 11, 'min_samples_split': 230}",0.9932368070108593,0.992919286213247,0.993490823648949,0.9933949382363215,0.993260460574885,0.00021686031250503306,69
137,1.9121124148368835,0.010356104147419509,0.03896111249923706,0.006260570421116688,11,250,"{'max_depth': 11, 'min_samples_split': 250}",0.9927605258144409,0.992919286213247,0.9928875341334857,0.9933631831316884,0.99298262326054,0.00022759489965348432,76
138,1.9256178736686707,0.04137715510353602,0.03826993703842163,0.005776065573023435,11,270,"{'max_depth': 11, 'min_samples_split': 270}",0.9924112529370673,0.9928557820537245,0.9928240299739632,0.9919977136324665,0.9925222071396251,0.0003499139106781455,88
139,1.9000127911567688,0.016095558563448627,0.035927414894104004,0.004451301946044317,11,290,"{'max_depth': 11, 'min_samples_split': 290}",0.9924430050168286,0.992633517495396,0.9924430050168286,0.9919977136324665,0.992379319377962,0.00023363576204711486,98
140,1.9209948182106018,0.031189342142102054,0.04015141725540161,0.01012915105899187,11,310,"{'max_depth': 11, 'min_samples_split': 310}",0.9924430050168286,0.992633517495396,0.9924112529370673,0.9921247340509987,0.9924031340049058,0.00018182028746516882,95
141,1.8966889381408691,0.015658111709282774,0.038354694843292236,0.0022142093723934776,11,330,"{'max_depth': 11, 'min_samples_split': 330}",0.9924430050168286,0.992633517495396,0.9924112529370673,0.9921247340509987,0.9924031340049058,0.00018182028746516882,95
142,1.9274997115135193,0.03271219766319208,0.03600966930389404,0.004802736797574399,11,350,"{'max_depth': 11, 'min_samples_split': 350}",0.9924430050168286,0.992633517495396,0.9924112529370673,0.991838938109301,0.9923316901240742,0.00029690521431489486,106
143,1.8858008980751038,0.015507300522029832,0.040382325649261475,0.008345039764535904,11,370,"{'max_depth': 11, 'min_samples_split': 370}",0.9924112529370673,0.9925700133358735,0.9923795008573062,0.991807183004668,0.9922919990791678,0.0002890511052906764,113
144,1.915989339351654,0.0324584865896766,0.03774923086166382,0.003510683839081845,11,390,"{'max_depth': 11, 'min_samples_split': 390}",0.9922842446180224,0.9926017654156347,0.992347748777545,0.9888539582737925,0.9915219928079827,0.0015448921627031318,127
145,1.8918961882591248,0.01707756947441081,0.0406804084777832,0.004834036070534718,11,410,"{'max_depth': 11, 'min_samples_split': 410}",0.9887280116847653,0.9901251031942592,0.9896170699180796,0.9873614683560382,0.9889579513070261,0.0010485910627190335,142
146,1.9203956723213196,0.03841109611404062,0.03707045316696167,0.0030329081135582374,11,430,"{'max_depth': 11, 'min_samples_split': 430}",0.9874896805740776,0.9874261764145551,0.9877754492919286,0.9863770601124131,0.9872671127940115,0.0005304217100370549,151
147,1.88245689868927,0.017224533828577963,0.03688567876815796,0.006226985567984439,11,450,"{'max_depth': 11, 'min_samples_split': 450}",0.9875214326538388,0.9874261764145551,0.9877754492919286,0.9863770601124131,0.9872750510029927,0.0005339192907761204,150
148,1.9243543148040771,0.03481682652371369,0.03812277317047119,0.00515817794866405,11,470,"{'max_depth': 11, 'min_samples_split': 470}",0.9875214326538388,0.9874261764145551,0.9878072013716899,0.9860912641707155,0.9872115453311424,0.0006617882631801871,160
149,1.9011959433555603,0.01740053443652428,0.04132068157196045,0.004241364899938223,11,490,"{'max_depth': 11, 'min_samples_split': 490}",0.9874896805740776,0.9873626722550327,0.9878389534514511,0.9860912641707155,0.9871956689131798,0.0006610187671566798,161
150,2.17048978805542,0.0637613501893849,0.034964919090270996,0.0037841263332308115,13,10,"{'max_depth': 13, 'min_samples_split': 10}",0.997586841938147,0.9967930399441164,0.9975233377786245,0.9973960814200883,0.9973248235733054,0.00031461959869586765,4
151,2.1094530820846558,0.02664992331707222,0.0362548828125,0.00786114487234912,13,30,"{'max_depth': 13, 'min_samples_split': 30}",0.9971423128214898,0.9964437670667429,0.9973328253000572,0.9965386935949954,0.9968644074523906,0.0003806830124681829,9
152,2.1415989995002747,0.06842881429803316,0.038410067558288574,0.006037227213306742,13,50,"{'max_depth': 13, 'min_samples_split': 50}",0.996316758747698,0.9961262462691306,0.9964120149869816,0.9962846527579309,0.9962849181967565,0.00010288983702273161,14
153,2.119576573371887,0.034855512440330576,0.042314887046813965,0.007047313809570867,13,70,"{'max_depth': 13, 'min_samples_split': 70}",0.9958404775512796,0.9959039817108021,0.9963802629072204,0.9957765710838017,0.9959753280464861,0.00023809303024547088,19
154,2.1327993869781494,0.07249271387980664,0.0353778600692749,0.004228741588277965,13,90,"{'max_depth': 13, 'min_samples_split': 90}",0.9955229567536674,0.9954594525941449,0.9962532545881755,0.9956813057699025,0.9957292435680661,0.0003131437860334702,23
155,2.111290216445923,0.03537466685041111,0.03903752565383911,0.008633947404128865,13,110,"{'max_depth': 13, 'min_samples_split': 110}",0.9953324442751,0.9953641963548613,0.9959039817108021,0.995427264932838,0.99550697371659,0.00023174298757104006,29
156,2.1311909556388855,0.0644562990094921,0.032443463802337646,0.003932037149114728,13,130,"{'max_depth': 13, 'min_samples_split': 130}",0.9952371880358164,0.9949514193179654,0.9956817171524734,0.9953319996189387,0.9953005802830766,0.0002608595562673326,36
157,2.1187650561332703,0.03676317705541314,0.038181960582733154,0.002297433261527823,13,150,"{'max_depth': 13, 'min_samples_split': 150}",0.9950149234774878,0.9943481298025021,0.9954594525941449,0.9949509383633419,0.9949433608789185,0.0003955515816753518,41
158,2.1424688696861267,0.061113821833124644,0.03379333019256592,0.0024171177833164138,13,170,"{'max_depth': 13, 'min_samples_split': 170}",0.9948561630786816,0.9940941131644123,0.9942846256429796,0.994569877107745,0.9944511919220785,0.0002886797412202018,51
159,2.151474714279175,0.0740293450779805,0.039984941482543945,0.004404901033847603,13,190,"{'max_depth': 13, 'min_samples_split': 190}",0.9945386422810694,0.9940623610846511,0.9940941131644123,0.994569877107745,0.9943162423693966,0.00023853127865202167,57
160,2.1539881825447083,0.07013785969682734,0.03411877155303955,0.0030662836395657406,13,210,"{'max_depth': 13, 'min_samples_split': 210}",0.9945386422810694,0.993205054931098,0.9933955674096653,0.9939030199104506,0.9937605677407063,0.0005166081260704866,65
161,2.1290271878242493,0.05735042199116203,0.03412806987762451,0.0007855983803783525,13,230,"{'max_depth': 13, 'min_samples_split': 230}",0.9932368070108593,0.992919286213247,0.9933638153299041,0.9933949382363215,0.9932287077389599,0.00018821175595143261,73
162,2.1647130250930786,0.07730568883331723,0.03567284345626831,0.003231037422938187,13,250,"{'max_depth': 13, 'min_samples_split': 250}",0.9927605258144409,0.9928557820537245,0.9926970216549184,0.9933631831316884,0.9929191175886897,0.00026252206193016695,78
163,2.1391255259513855,0.03399424793401447,0.034751296043395996,0.0030138572765830932,13,270,"{'max_depth': 13, 'min_samples_split': 270}",0.9924112529370673,0.992919286213247,0.9926652695751572,0.9919977136324665,0.9924983925126812,0.00034031575823060514,90
164,2.2003891468048096,0.04252840527054975,0.03552192449569702,0.0044255313276726676,13,290,"{'max_depth': 13, 'min_samples_split': 290}",0.9924112529370673,0.9925700133358735,0.9923159966977837,0.9919977136324665,0.9923237519150929,0.00020895947860146897,108
165,2.175649344921112,0.0625092557093455,0.04131925106048584,0.006408132678155577,13,310,"{'max_depth': 13, 'min_samples_split': 310}",0.9924112529370673,0.992633517495396,0.9923159966977837,0.9920929789463656,0.9923634429599993,0.00019405192472684725,103
166,2.2258388996124268,0.0627065827530876,0.03631347417831421,0.005812322916717576,13,330,"{'max_depth': 13, 'min_samples_split': 330}",0.9924430050168286,0.9925700133358735,0.9923159966977837,0.9920929789463656,0.9923555047510181,0.00017617271729963038,105
167,2.2232325077056885,0.08703404797867906,0.041085243225097656,0.00628387382653378,13,350,"{'max_depth': 13, 'min_samples_split': 350}",0.9924430050168286,0.992633517495396,0.9923159966977837,0.991807183004668,0.992299937288149,0.0003061023581677593,111
168,2.1655154824256897,0.06869650875159398,0.040974557399749756,0.0082314430507417,13,370,"{'max_depth': 13, 'min_samples_split': 370}",0.9924112529370673,0.992633517495396,0.9922524925382613,0.991838938109301,0.9922840608701865,0.00029043835334708267,117
169,2.3094195127487183,0.12876114866437238,0.052016615867614746,0.004927306296511892,13,390,"{'max_depth': 13, 'min_samples_split': 390}",0.9922842446180224,0.9926017654156347,0.9922524925382613,0.9888539582737925,0.9914981781810388,0.0015326653284406602,128
170,2.3419570326805115,0.21946688108165466,0.0420876145362854,0.017684256283576213,13,410,"{'max_depth': 13, 'min_samples_split': 410}",0.9887280116847653,0.9900615990347368,0.9894583095192735,0.9873614683560382,0.9889023838441571,0.001007165559094843,144
171,2.2186217308044434,0.050188356537832365,0.04596579074859619,0.007318597641587895,13,430,"{'max_depth': 13, 'min_samples_split': 430}",0.9875214326538388,0.9874261764145551,0.9876484409728837,0.9863770601124131,0.9872432981670676,0.0005062769116380148,155
172,2.33675080537796,0.11886127886874537,0.0362432599067688,0.006149790006300652,13,450,"{'max_depth': 13, 'min_samples_split': 450}",0.9875214326538388,0.9874261764145551,0.987680193052645,0.9863770601124131,0.9872512363760488,0.0005127743824142407,154
173,2.204595923423767,0.05317728411282035,0.042008936405181885,0.005235830024010599,13,470,"{'max_depth': 13, 'min_samples_split': 470}",0.9874896805740776,0.9874261764145551,0.9876484409728837,0.9860912641707155,0.9871639160772546,0.0006245352337982907,166
174,2.1146106719970703,0.032590798948981294,0.036707401275634766,0.010573769216048296,13,490,"{'max_depth': 13, 'min_samples_split': 490}",0.9875214326538388,0.9874261764145551,0.987680193052645,0.9860912641707155,0.9871797924952173,0.0006349494467773455,163
175,2.3366941809654236,0.07656019876256275,0.04038071632385254,0.006175894708175332,15,10,"{'max_depth': 15, 'min_samples_split': 10}",0.9976503460976694,0.9970153045024449,0.9973645773798184,0.9974595916293544,0.9973724528271931,0.00023045559490987846,3
176,2.2717411518096924,0.08134316408364176,0.03366750478744507,0.0032687870809693354,15,30,"{'max_depth': 15, 'min_samples_split': 30}",0.9971423128214898,0.9966342795453103,0.9973328253000572,0.9965386935949954,0.9969120367062784,0.0003341487721352677,8
177,2.306773364543915,0.10054158121166808,0.04138225317001343,0.009253824200873851,15,50,"{'max_depth': 15, 'min_samples_split': 50}",0.9964437670667429,0.9962215025084143,0.9965072712262654,0.9962846527579309,0.9963643002865693,0.00011564089088348798,12
178,2.2721444368362427,0.10854719374430181,0.03330010175704956,0.004056316410652271,15,70,"{'max_depth': 15, 'min_samples_split': 70}",0.9959039817108021,0.9959674858703245,0.996316758747698,0.9958083261884348,0.99599914267343,0.00019193013323404436,17
179,2.324962079524994,0.09499472080361042,0.045095205307006836,0.011537662864547528,15,90,"{'max_depth': 15, 'min_samples_split': 90}",0.9955547088334286,0.9954912046739062,0.9962532545881755,0.9957130608745356,0.99575305819501,0.0002998809626356022,22
180,2.2823789715766907,0.07060188221120875,0.03604590892791748,0.003902936871918654,15,110,"{'max_depth': 15, 'min_samples_split': 110}",0.9953641963548613,0.9953959484346224,0.9958404775512796,0.995427264932838,0.99550697371659,0.00019383837345916577,29
181,2.289146602153778,0.07217715638595351,0.040840744972229004,0.004615948403255531,15,130,"{'max_depth': 15, 'min_samples_split': 130}",0.9952689401155775,0.9949831713977265,0.9956817171524734,0.9953637547235719,0.9953243949100204,0.00024937064555124804,34
182,2.306084632873535,0.03595536129423099,0.038299560546875,0.0050493305478412276,15,150,"{'max_depth': 15, 'min_samples_split': 150}",0.9949831713977265,0.9943481298025021,0.9953959484346224,0.9949509383633419,0.9949195462519747,0.00037367185771980236,44
183,2.3161603808403015,0.11010573509071647,0.035314977169036865,0.003269034219226137,15,170,"{'max_depth': 15, 'min_samples_split': 170}",0.9949196672382041,0.9941258652441735,0.9942528735632183,0.994569877107745,0.9944670683400412,0.00030729560225505807,50
184,2.272446870803833,0.08114421864325082,0.03360694646835327,0.003036605498300081,15,190,"{'max_depth': 15, 'min_samples_split': 190}",0.9945703943608306,0.9940623610846511,0.9940623610846511,0.994538122003112,0.9943083041604154,0.00024621344930070673,58
185,2.2695566415786743,0.09302286273817272,0.034169554710388184,0.0027825515854316397,15,210,"{'max_depth': 15, 'min_samples_split': 210}",0.9945703943608306,0.9932685590906204,0.9933638153299041,0.9939347750150836,0.9937843823676502,0.0005204341298382088,64
186,2.296408176422119,0.05950370403343633,0.04057145118713379,0.005797272707219793,15,230,"{'max_depth': 15, 'min_samples_split': 230}",0.9933003111703816,0.9929510382930082,0.9933320632501429,0.9933631831316884,0.9932366459479413,0.00016638977248195443,71
187,2.2843242287635803,0.07555971859843785,0.03554052114486694,0.0046940950485275,15,250,"{'max_depth': 15, 'min_samples_split': 250}",0.9927922778942021,0.9928557820537245,0.9926970216549184,0.9933314280270553,0.9929191175886897,0.00024465062199957013,78
188,2.3070096373558044,0.09428929154463071,0.03548228740692139,0.0059275918002443355,15,270,"{'max_depth': 15, 'min_samples_split': 270}",0.9924747570965898,0.992919286213247,0.992633517495396,0.9919977136324665,0.9925063307216626,0.00033405947782187104,89
189,2.2741780877113342,0.07971046161416247,0.03500235080718994,0.006700609561587888,15,290,"{'max_depth': 15, 'min_samples_split': 290}",0.9924112529370673,0.992633517495396,0.9922524925382613,0.9919977136324665,0.9923237519150929,0.00023183237368152354,108
190,2.270911395549774,0.07000038660505185,0.034635186195373535,0.003949495583128079,15,310,"{'max_depth': 15, 'min_samples_split': 310}",0.9924430050168286,0.992633517495396,0.9922842446180224,0.9921247340509987,0.9923713811689806,0.00018859387693868278,99
191,2.294039487838745,0.05984678003701856,0.03980153799057007,0.006769979999535385,15,330,"{'max_depth': 15, 'min_samples_split': 330}",0.9925065091763511,0.9925700133358735,0.9922842446180224,0.9921247340509987,0.9923713811689806,0.00017758033703931702,99
192,2.276419758796692,0.09258737489633677,0.0365411639213562,0.004513947842512303,15,350,"{'max_depth': 15, 'min_samples_split': 350}",0.9924747570965898,0.992633517495396,0.9922524925382613,0.991838938109301,0.992299937288149,0.0002985788067784408,111
193,2.2782692313194275,0.07549366685369477,0.04112684726715088,0.006158900083073298,15,370,"{'max_depth': 15, 'min_samples_split': 370}",0.9924747570965898,0.992633517495396,0.9922207404585001,0.991838938109301,0.9922919990791678,0.0003001526212104282,113
194,2.302055537700653,0.0573374510382426,0.040949881076812744,0.005752897869392236,15,390,"{'max_depth': 15, 'min_samples_split': 390}",0.9922842446180224,0.9926017654156347,0.9922207404585001,0.9888539582737925,0.9914902399720575,0.0015288153055475911,129
195,2.3031792640686035,0.10033004365615213,0.03781980276107788,0.005129322373245193,15,410,"{'max_depth': 15, 'min_samples_split': 410}",0.9887597637645266,0.9900615990347368,0.9893948053597511,0.9873614683560382,0.9888944456351758,0.0009975766133268114,145
196,2.2723819613456726,0.05837252718449779,0.03946584463119507,0.0033713382407767425,15,430,"{'max_depth': 15, 'min_samples_split': 430}",0.9875849368133612,0.9874261764145551,0.9876484409728837,0.9863770601124131,0.9872591745850301,0.0005156588289876472,153
197,2.2658106684684753,0.08109280028654337,0.03798949718475342,0.004957144865387107,15,450,"{'max_depth': 15, 'min_samples_split': 450}",0.9874896805740776,0.9874261764145551,0.9876484409728837,0.9863770601124131,0.9872353599580863,0.0005020852232229494,159
198,2.2953041791915894,0.06678895737970837,0.040407657623291016,0.003335616592443023,15,470,"{'max_depth': 15, 'min_samples_split': 470}",0.9875531847336001,0.9874261764145551,0.9876484409728837,0.9860912641707155,0.9871797924952173,0.0006333595841265641,163
199,2.2977753281593323,0.11745578824510294,0.03819561004638672,0.004649186944284861,15,490,"{'max_depth': 15, 'min_samples_split': 490}",0.9875531847336001,0.9874261764145551,0.9876484409728837,0.9860912641707155,0.9871797924952173,0.0006333595841265641,163
200,2.44560968875885,0.08964050771189522,0.04403257369995117,0.00462774484180618,17,10,"{'max_depth': 17, 'min_samples_split': 10}",0.9977456023369531,0.9970788086619674,0.9976185940179082,0.9974595916293544,0.9974756495439498,0.0002505265102613085,2
201,2.4404529333114624,0.09062335472320293,0.040195345878601074,0.009346129720888092,17,30,"{'max_depth': 17, 'min_samples_split': 30}",0.9973010732202959,0.9965390233060265,0.9973963294595796,0.9965704486996285,0.9969517277511848,0.0003985639516164152,7
202,2.3961979150772095,0.06613106615290815,0.0412716269493103,0.00991371373023739,17,50,"{'max_depth': 17, 'min_samples_split': 50}",0.9963802629072204,0.9961579983488918,0.9964437670667429,0.9962528976532977,0.9963087328237004,0.00011089423141107174,13
203,2.4357990622520447,0.047282911156351116,0.04047662019729614,0.004100795853881353,17,70,"{'max_depth': 17, 'min_samples_split': 70}",0.9958404775512796,0.9959674858703245,0.9962532545881755,0.9958083261884348,0.9959673898375049,0.00017544739938570684,20
204,2.4287813901901245,0.09382880252076492,0.04343444108963013,0.008087292569671474,17,90,"{'max_depth': 17, 'min_samples_split': 90}",0.9955229567536674,0.9954594525941449,0.9962215025084143,0.9957130608745356,0.9957292435680661,0.00029913653327674294,23
205,2.439819633960724,0.10902807273802263,0.046461284160614014,0.0034521683793532747,17,110,"{'max_depth': 17, 'min_samples_split': 110}",0.9953641963548613,0.9953324442751,0.9958722296310408,0.995459020037471,0.99550697371659,0.00021596386450781506,29
206,2.4219342470169067,0.06967314130819337,0.03837519884109497,0.0037393911648191816,17,130,"{'max_depth': 17, 'min_samples_split': 130}",0.9952054359560552,0.9950149234774878,0.9956817171524734,0.9953955098282049,0.9953243949100204,0.00024630550843080326,34
207,2.4308316111564636,0.06810235577391632,0.04382902383804321,0.007445355145747676,17,150,"{'max_depth': 17, 'min_samples_split': 150}",0.9949831713977265,0.9943798818822633,0.9953641963548613,0.9949191832587089,0.9949116080429934,0.0003509840868229005,45
208,2.4302226901054382,0.06998245659923553,0.04410839080810547,0.006176763571880782,17,170,"{'max_depth': 17, 'min_samples_split': 170}",0.9948879151584429,0.9940623610846511,0.9942528735632183,0.994538122003112,0.994435315504116,0.00031136952023887236,52
209,2.444581925868988,0.09469054198152907,0.04056066274642944,0.0033697645470057718,17,190,"{'max_depth': 17, 'min_samples_split': 190}",0.9945703943608306,0.9940623610846511,0.9940941131644123,0.9946016322123782,0.9943321187873592,0.00025437564470287257,56
210,2.423432469367981,0.056053118850592075,0.03883194923400879,0.006163173397229975,17,210,"{'max_depth': 17, 'min_samples_split': 210}",0.9945703943608306,0.9932685590906204,0.9933638153299041,0.9939665301197167,0.9937923205766315,0.0005229038568652685,62
211,2.416310489177704,0.08606777536142214,0.045346200466156006,0.01064330995444824,17,230,"{'max_depth': 17, 'min_samples_split': 230}",0.9932685590906204,0.9929510382930082,0.9933638153299041,0.9934266933409546,0.9932525223659038,0.0001829424592033702,70
212,2.445560932159424,0.09974694791188363,0.04086655378341675,0.007742269273078395,17,250,"{'max_depth': 17, 'min_samples_split': 250}",0.9927922778942021,0.992919286213247,0.9926652695751572,0.9933949382363215,0.9929429322156335,0.0002759753774545785,77
213,2.4547359943389893,0.13483099121844583,0.04346811771392822,0.007739992261416605,17,270,"{'max_depth': 17, 'min_samples_split': 270}",0.9924747570965898,0.992919286213247,0.9926017654156347,0.9919977136324665,0.9924983925126812,0.0003313087741464472,90
214,2.4188868403434753,0.0868911367173259,0.04221147298812866,0.0053870111031508,17,290,"{'max_depth': 17, 'min_samples_split': 290}",0.9924430050168286,0.9925700133358735,0.9922842446180224,0.9920294687370995,0.9923316901240742,0.00020172566595124818,106
215,2.4402122497558594,0.1266021613667843,0.04619860649108887,0.011088265950636613,17,310,"{'max_depth': 17, 'min_samples_split': 310}",0.9925065091763511,0.992633517495396,0.9922842446180224,0.9921564891556318,0.9923951957959245,0.00018606235178755871,97
216,2.406122624874115,0.08284828073341276,0.04150611162185669,0.0031393614980780773,17,330,"{'max_depth': 17, 'min_samples_split': 330}",0.9925065091763511,0.9925700133358735,0.9922842446180224,0.9921247340509987,0.9923713811689806,0.00017758033703931702,99
217,2.4205241799354553,0.07870751541796117,0.039854347705841064,0.005915869115795076,17,350,"{'max_depth': 17, 'min_samples_split': 350}",0.9925065091763511,0.992633517495396,0.9922842446180224,0.991838938109301,0.9923158137061117,0.000302363377688147,110
218,2.4156893491744995,0.07013864432050901,0.04019540548324585,0.007322225439473593,17,370,"{'max_depth': 17, 'min_samples_split': 370}",0.9925065091763511,0.9925700133358735,0.9922207404585001,0.9918706932139342,0.9922919990791678,0.0002765290708307155,113
219,2.4033928513526917,0.0780192467114595,0.043530166149139404,0.010568537966534628,17,390,"{'max_depth': 17, 'min_samples_split': 390}",0.9922842446180224,0.9926017654156347,0.9921889883787388,0.9888857133784256,0.9914902399720575,0.00151139932864374,129
220,2.4467966556549072,0.07611185830930862,0.043563902378082275,0.004807283474423779,17,410,"{'max_depth': 17, 'min_samples_split': 410}",0.9887915158442878,0.9901251031942592,0.9894265574395122,0.9873932234606713,0.9889341366800822,0.001006914109430198,143
221,2.3978168964385986,0.08741184927335782,0.042329251766204834,0.007554345731906734,17,430,"{'max_depth': 17, 'min_samples_split': 430}",0.9875849368133612,0.9874261764145551,0.9876484409728837,0.9864088152170462,0.9872671127940115,0.0005020839305831079,151
222,2.404524087905884,0.08044656668911818,0.03434258699417114,0.004601830256490023,17,450,"{'max_depth': 17, 'min_samples_split': 450}",0.9875849368133612,0.9873626722550327,0.9876166888931225,0.9864088152170462,0.9872432981670676,0.0004916061060681713,155
223,2.3841363191604614,0.0705756969409816,0.03934520483016968,0.006385449213182981,17,470,"{'max_depth': 17, 'min_samples_split': 470}",0.9875531847336001,0.9874261764145551,0.9876484409728837,0.9861230192753485,0.9871877307041985,0.0006197188843790865,162
224,2.4112629294395447,0.07133956045689178,0.03392833471298218,0.0037580259059836903,17,490,"{'max_depth': 17, 'min_samples_split': 490}",0.9874896805740776,0.9874261764145551,0.9876484409728837,0.9860912641707155,0.9871639160772546,0.0006245352337982907,166
225,2.5243548154830933,0.07899240906845031,0.039233267307281494,0.005167829410082107,19,10,"{'max_depth': 19, 'min_samples_split': 10}",0.9978091064964755,0.9970153045024449,0.9979678668952816,0.9974913467339875,0.9975709080517253,0.00036378294794531994,1
226,2.531261384487152,0.08647428573340621,0.03725731372833252,0.005472945207353999,19,30,"{'max_depth': 19, 'min_samples_split': 30}",0.9972693211405347,0.9965390233060265,0.9977456023369531,0.9966339589088946,0.9970469862589603,0.0004914575095626967,5
227,2.5073776245117188,0.08980311463535243,0.03780710697174072,0.0058436788048789315,19,50,"{'max_depth': 19, 'min_samples_split': 50}",0.9964755191465041,0.9961262462691306,0.9966977837048326,0.9962846527579309,0.9963960531224945,0.00021363820943379476,11
228,2.5373374223709106,0.08242441101342209,0.03611046075820923,0.006464670875846864,19,70,"{'max_depth': 19, 'min_samples_split': 70}",0.9959357337905633,0.9960627421096082,0.9965390233060265,0.9958400812930679,0.9960944011812055,0.00026858229067466046,15
229,2.537995934486389,0.07809762669838764,0.0374603271484375,0.0031501644128105926,19,90,"{'max_depth': 19, 'min_samples_split': 90}",0.9956499650727123,0.9955229567536674,0.9964437670667429,0.9957765710838017,0.9958483167027855,0.0003552895190384273,21
230,2.5251460671424866,0.08098628250737346,0.03369319438934326,0.0036752521951855075,19,110,"{'max_depth': 19, 'min_samples_split': 110}",0.9953324442751,0.9953641963548613,0.9961262462691306,0.995459020037471,0.9955704793884403,0.00032423843413147233,27
231,2.5073068141937256,0.08670089041401238,0.036324501037597656,0.003965393378905851,19,130,"{'max_depth': 19, 'min_samples_split': 130}",0.9952371880358164,0.9949514193179654,0.9958404775512796,0.995459020037471,0.9953720241639081,0.00032485204608464666,33
232,2.5353901982307434,0.08211990243276865,0.03959375619888306,0.005666748718350291,19,150,"{'max_depth': 19, 'min_samples_split': 150}",0.9950784276370103,0.9943798818822633,0.9956817171524734,0.995014448572608,0.995038619386694,0.00046089557935363116,39
233,2.512748956680298,0.08258441111525,0.036768972873687744,0.002105004894739813,19,170,"{'max_depth': 19, 'min_samples_split': 170}",0.9948879151584429,0.9941258652441735,0.994475138121547,0.9946651424216443,0.9945385122208728,0.0002794715266561414,48
234,2.538069009780884,0.08598435247765776,0.03637874126434326,0.004792032850774816,19,190,"{'max_depth': 19, 'min_samples_split': 190}",0.9945068902013082,0.9940623610846511,0.9943481298025021,0.9946333873170112,0.9943876862502282,0.00021329460565382174,53
235,2.514108896255493,0.06687624924112225,0.03495734930038452,0.0024721269537366624,19,210,"{'max_depth': 19, 'min_samples_split': 210}",0.9945703943608306,0.9933003111703816,0.9935860798882327,0.9940300403289829,0.9938717026664444,0.0004799294387778612,60
236,2.536700427532196,0.07297335981756406,0.037748634815216064,0.006467750047622035,19,230,"{'max_depth': 19, 'min_samples_split': 230}",0.9933003111703816,0.9929510382930082,0.9936178319679939,0.9934584484455876,0.9933319044557167,0.00024689541025343074,67
237,2.518303394317627,0.09481590915837096,0.036956727504730225,0.006383235301189273,19,250,"{'max_depth': 19, 'min_samples_split': 250}",0.9927287737346796,0.992919286213247,0.9929510382930082,0.9934266933409546,0.9930064378874838,0.00025708268577257886,75
238,2.5206305980682373,0.08531451848919538,0.034803688526153564,0.0020044681881239137,19,270,"{'max_depth': 19, 'min_samples_split': 270}",0.9924747570965898,0.992919286213247,0.9928875341334857,0.9920929789463656,0.9925936510204567,0.0003380831493512196,87
239,2.5048996806144714,0.07378820281103769,0.03754371404647827,0.0027173204508149145,19,290,"{'max_depth': 19, 'min_samples_split': 290}",0.9925065091763511,0.992633517495396,0.9925382612561123,0.9921247340509987,0.9924507632587936,0.0001939401452616337,93
240,2.542607605457306,0.07653130737143903,0.037734925746917725,0.004732688990133899,19,310,"{'max_depth': 19, 'min_samples_split': 310}",0.9925065091763511,0.9925700133358735,0.9925382612561123,0.9922199993648979,0.9924587014677748,0.00013962520571179395,92
241,2.5187366008758545,0.06993217288676075,0.03757297992706299,0.005985873947195067,19,330,"{'max_depth': 19, 'min_samples_split': 330}",0.9925065091763511,0.9925700133358735,0.9925382612561123,0.9921882442602649,0.9924507632587936,0.00015321225773040528,93
242,2.5278533697128296,0.06734545698640315,0.03669929504394531,0.007720964572376688,19,350,"{'max_depth': 19, 'min_samples_split': 350}",0.9924112529370673,0.992633517495396,0.9925065091763511,0.9919024483185672,0.9923634429599993,0.0002775775325075618,103
243,2.499833047389984,0.06815602477631086,0.036084890365600586,0.0029103748382548,19,370,"{'max_depth': 19, 'min_samples_split': 370}",0.9925065091763511,0.992633517495396,0.9924430050168286,0.9919024483185672,0.9923713811689806,0.00027928010529682255,99
244,2.5410500168800354,0.08865686271657368,0.03758925199508667,0.00779939365663446,19,390,"{'max_depth': 19, 'min_samples_split': 390}",0.9923795008573062,0.9926017654156347,0.9924747570965898,0.9888857133784256,0.991585498479833,0.0015606406088572963,125
245,2.5090227723121643,0.08374003112469568,0.038218915462493896,0.0015326330653476746,19,410,"{'max_depth': 19, 'min_samples_split': 410}",0.9887597637645266,0.9901251031942592,0.9896805740776021,0.9873932234606713,0.9889897041429513,0.0010449780682235715,141
246,2.5044097900390625,0.06892282977133467,0.03550994396209717,0.004809744077902561,19,430,"{'max_depth': 19, 'min_samples_split': 430}",0.9875531847336001,0.9874261764145551,0.9879024576109735,0.9864088152170462,0.9873226802568804,0.00055567182738341,148
247,2.5089194774627686,0.049118340171028674,0.03620702028274536,0.001675045375987268,19,450,"{'max_depth': 19, 'min_samples_split': 450}",0.9875531847336001,0.9874261764145551,0.9879024576109735,0.9864088152170462,0.9873226802568804,0.00055567182738341,148
248,2.3569617867469788,0.14192661412008437,0.027828693389892578,0.0069613630897658926,19,470,"{'max_depth': 19, 'min_samples_split': 470}",0.9875531847336001,0.9874261764145551,0.9878707055312123,0.9861230192753485,0.9872432981670676,0.0006667199050691811,155
249,1.9206634759902954,0.32345495554586373,0.02114492654800415,0.004812086018119792,19,490,"{'max_depth': 19, 'min_samples_split': 490}",0.9875849368133612,0.9873626722550327,0.9879024576109735,0.9861230192753485,0.9872432981670676,0.0006746122789383056,155
