,mean_fit_time,std_fit_time,mean_score_time,std_score_time,param_n_neighbors,params,split0_test_accuracy,split1_test_accuracy,split2_test_accuracy,split3_test_accuracy,mean_test_accuracy,std_test_accuracy,rank_test_accuracy
0,36.872051417827606,4.180655181361758,26.292779684066772,1.9224811719415893,1,{'n_neighbors': 1},0.9948879151584429,0.9951101797167714,0.9958404775512796,0.9949509383633419,0.9951973835663198,0.00038002904168803984,1
1,36.52810049057007,5.166505803634897,33.16468822956085,1.4504893859780548,6,{'n_neighbors': 6},0.9904426239918714,0.991077665587096,0.9911729218263796,0.991362611539805,0.9910139474331802,0.00034543804848691896,2
2,20.55104124546051,7.821413259912528,37.12165313959122,4.627458668231044,11,{'n_neighbors': 11},0.9867593827395694,0.988251730488347,0.987680193052645,0.9888222031691595,0.9878783548855707,0.0007618392426203321,3
3,24.53008621931076,2.0621019923990844,37.22500151395798,1.8689601780122493,16,{'n_neighbors': 16},0.983711183082492,0.9861878453038674,0.9849495141931797,0.9852656314502556,0.9850285378612877,0.0008862766127849212,4
4,13.546764314174652,7.205973007244338,42.60460877418518,4.772653805258682,21,{'n_neighbors': 21},0.9818060582968184,0.9843144725979551,0.9828856290087,0.9833285700676384,0.9830836766608718,0.0009008932475772752,5
5,17.607578456401825,3.752311345679982,42.15146613121033,1.375760879938258,26,{'n_neighbors': 26},0.9788848669587858,0.9809805042230266,0.9800596939099511,0.9811374678479565,0.980265612472514,0.0008972272446678909,6
6,11.311843872070312,4.736656275128617,43.13339811563492,3.3972132617945277,31,{'n_neighbors': 31},0.9770114942528736,0.978630850320696,0.9783768336826062,0.9792004064653393,0.9783048748541354,0.0008040885398386792,7
7,14.687411308288574,2.0612013545596635,42.765148878097534,1.056443965155864,36,{'n_neighbors': 36},0.9751063694672001,0.9772020067314409,0.9764717088969328,0.9768187736178591,0.9763997046986259,0.0007901345893646612,8
8,9.951420485973358,3.7674957432145972,44.45838898420334,2.961856628318098,41,{'n_neighbors': 41},0.9734552613196165,0.9755508985838572,0.9753286340255287,0.9749134673398749,0.974812062902368,0.0008160851280802176,9
9,12.518057405948639,1.3895769330193835,44.65096992254257,1.1711361145913237,46,{'n_neighbors': 46},0.9725026989267797,0.9743125674731695,0.9738680383565124,0.9735162427360198,0.9735498876743429,0.000667210402415554,10
10,9.432290434837341,2.9533733718067627,46.67072504758835,2.7712597232741984,51,{'n_neighbors': 51},0.9712961198958532,0.9734870133993777,0.9732965009208103,0.9730399161665237,0.9727798814031579,0.0008712295244583084,11
11,12.751055359840393,1.0344003904453827,45.906063079833984,1.1418747668353415,56,{'n_neighbors': 56},0.9706610783006286,0.9727884676446307,0.9728202197243919,0.9724048140738624,0.9721686393115985,0.0008856258121040602,12
12,8.79047840833664,2.413872404185384,47.88857465982437,1.890139004050829,61,{'n_neighbors': 61},0.9698672763065981,0.972693211405347,0.9719311614910776,0.9714204058302373,0.9714780151302264,0.0010344012286707515,13
13,11.455798208713531,1.3389396642083324,47.53307980298996,1.458055049048982,66,{'n_neighbors': 66},0.9692322347113735,0.971835905251794,0.9712643678160919,0.9705630180051443,0.9707238852770038,0.0009720721466737668,14
14,8.740325033664703,2.6189732520182036,49.44951128959656,2.1958834458183514,71,{'n_neighbors': 71},0.969009970153045,0.9713596240553757,0.9704705658220614,0.969927915912483,0.9701920252752574,0.0008526345085139844,15
15,11.06122225522995,2.0492581216445065,49.14329445362091,1.6830830509577823,76,{'n_neighbors': 76},0.9683114243982981,0.9705975741411063,0.9695815075887471,0.9683719157854626,0.9692156255705587,0.0009451315710466447,16
16,8.624106168746948,1.9364588804930596,50.63297861814499,2.0379682912306807,81,{'n_neighbors': 81},0.967739886962596,0.9701847971042104,0.9691687305518512,0.9679273443205996,0.968755209449644,0.0009913361332800673,17
17,10.177164375782013,2.0470391253396265,50.79057091474533,2.1159108205174686,86,{'n_neighbors': 86},0.9675811265637899,0.969708515907792,0.9686606972756716,0.9668794258677083,0.968207473029935,0.0010740697119574999,18
18,8.93214350938797,1.7846139087854667,49.309663355350494,5.31738931929032,91,{'n_neighbors': 91},0.9663745475328634,0.9693592430304185,0.9675811265637899,0.9662443237750469,0.9673898375048622,0.0012508186417386677,19
19,9.081266045570374,2.086665741821382,38.402595937252045,5.308346426847728,96,{'n_neighbors': 96},0.9657712580174002,0.9680256556804471,0.9667873245697594,0.9651964053221556,0.9664451906360887,0.0010757017471566743,20
