,mean_fit_time,std_fit_time,mean_score_time,std_score_time,param_max_depth,param_min_samples_split,params,split0_test_accuracy,split1_test_accuracy,split2_test_accuracy,split3_test_accuracy,mean_test_accuracy,std_test_accuracy,rank_test_accuracy
0,0.631633460521698,0.03267377827623856,0.04091203212738037,0.0036916407913626503,1,10,"{'max_depth': 1, 'min_samples_split': 10}",0.8910649999475214,0.8910743524077417,0.8910743524077417,0.8910837050642876,0.8910743524077417,6.613257453754711e-06,226
1,0.7010213732719421,0.03423058301203173,0.04719918966293335,0.004401342584433033,1,30,"{'max_depth': 1, 'min_samples_split': 30}",0.8910649999475214,0.8910743524077417,0.8910743524077417,0.8910837050642876,0.8910743524077417,6.613257453754711e-06,226
2,0.6780818104743958,0.00609870870222122,0.041461050510406494,0.002567136051481571,1,50,"{'max_depth': 1, 'min_samples_split': 50}",0.8910649999475214,0.8910743524077417,0.8910743524077417,0.8910837050642876,0.8910743524077417,6.613257453754711e-06,226
3,0.6650485992431641,0.022945735251876608,0.04628390073776245,0.004454715403531333,1,70,"{'max_depth': 1, 'min_samples_split': 70}",0.8910649999475214,0.8910743524077417,0.8910743524077417,0.8910837050642876,0.8910743524077417,6.613257453754711e-06,226
4,0.67726069688797,0.023913970076353448,0.03913581371307373,0.006542592441897755,1,90,"{'max_depth': 1, 'min_samples_split': 90}",0.8910649999475214,0.8910743524077417,0.8910743524077417,0.8910837050642876,0.8910743524077417,6.613257453754711e-06,226
5,0.6608015894889832,0.025394693047849463,0.04516083002090454,0.005003976120142866,1,110,"{'max_depth': 1, 'min_samples_split': 110}",0.8910649999475214,0.8910743524077417,0.8910743524077417,0.8910837050642876,0.8910743524077417,6.613257453754711e-06,226
6,0.6722095608711243,0.008396416078034813,0.052833616733551025,0.02567728758463187,1,130,"{'max_depth': 1, 'min_samples_split': 130}",0.8910649999475214,0.8910743524077417,0.8910743524077417,0.8910837050642876,0.8910743524077417,6.613257453754711e-06,226
7,0.7066555023193359,0.05897190031780392,0.04546743631362915,0.00414374568568571,1,150,"{'max_depth': 1, 'min_samples_split': 150}",0.8910649999475214,0.8910743524077417,0.8910743524077417,0.8910837050642876,0.8910743524077417,6.613257453754711e-06,226
8,0.703080415725708,0.03404274749243289,0.04504472017288208,0.005867370734088377,1,170,"{'max_depth': 1, 'min_samples_split': 170}",0.8910649999475214,0.8910743524077417,0.8910743524077417,0.8910837050642876,0.8910743524077417,6.613257453754711e-06,226
9,0.7022948861122131,0.04991651521311201,0.048349201679229736,0.0032055671188668516,1,190,"{'max_depth': 1, 'min_samples_split': 190}",0.8910649999475214,0.8910743524077417,0.8910743524077417,0.8910837050642876,0.8910743524077417,6.613257453754711e-06,226
10,0.6813502311706543,0.010568939355624092,0.041658103466033936,0.004121821448916106,1,210,"{'max_depth': 1, 'min_samples_split': 210}",0.8910649999475214,0.8910743524077417,0.8910743524077417,0.8910837050642876,0.8910743524077417,6.613257453754711e-06,226
11,0.686460018157959,0.00283901428354697,0.03982126712799072,0.00142232306186575,1,230,"{'max_depth': 1, 'min_samples_split': 230}",0.8910649999475214,0.8910743524077417,0.8910743524077417,0.8910837050642876,0.8910743524077417,6.613257453754711e-06,226
12,0.6956474184989929,0.06958565536656547,0.04863864183425903,0.00800745685162603,1,250,"{'max_depth': 1, 'min_samples_split': 250}",0.8910649999475214,0.8910743524077417,0.8910743524077417,0.8910837050642876,0.8910743524077417,6.613257453754711e-06,226
13,0.7178078889846802,0.04728507912672641,0.04012638330459595,0.004549372290439411,1,270,"{'max_depth': 1, 'min_samples_split': 270}",0.8910649999475214,0.8910743524077417,0.8910743524077417,0.8910837050642876,0.8910743524077417,6.613257453754711e-06,226
14,0.6856708526611328,0.04241638018333072,0.05070996284484863,0.006538384386455459,1,290,"{'max_depth': 1, 'min_samples_split': 290}",0.8910649999475214,0.8910743524077417,0.8910743524077417,0.8910837050642876,0.8910743524077417,6.613257453754711e-06,226
15,0.7033396363258362,0.0542331551396948,0.041658878326416016,0.002397286986753866,1,310,"{'max_depth': 1, 'min_samples_split': 310}",0.8910649999475214,0.8910743524077417,0.8910743524077417,0.8910837050642876,0.8910743524077417,6.613257453754711e-06,226
16,0.6670034527778625,0.014829598119333166,0.04469555616378784,0.007121239964652321,1,330,"{'max_depth': 1, 'min_samples_split': 330}",0.8910649999475214,0.8910743524077417,0.8910743524077417,0.8910837050642876,0.8910743524077417,6.613257453754711e-06,226
17,0.6577286720275879,0.02808351450724296,0.03872114419937134,0.003613755089445065,1,350,"{'max_depth': 1, 'min_samples_split': 350}",0.8910649999475214,0.8910743524077417,0.8910743524077417,0.8910837050642876,0.8910743524077417,6.613257453754711e-06,226
18,0.7200660705566406,0.09140136567529039,0.036567091941833496,0.005569157071497366,1,370,"{'max_depth': 1, 'min_samples_split': 370}",0.8910649999475214,0.8910743524077417,0.8910743524077417,0.8910837050642876,0.8910743524077417,6.613257453754711e-06,226
19,0.6654569506645203,0.043918162894401654,0.04013562202453613,0.012544537441650303,1,390,"{'max_depth': 1, 'min_samples_split': 390}",0.8910649999475214,0.8910743524077417,0.8910743524077417,0.8910837050642876,0.8910743524077417,6.613257453754711e-06,226
20,0.6491150259971619,0.025190667192304294,0.04562950134277344,0.007372950852781498,1,410,"{'max_depth': 1, 'min_samples_split': 410}",0.8910649999475214,0.8910743524077417,0.8910743524077417,0.8910837050642876,0.8910743524077417,6.613257453754711e-06,226
21,0.7042160630226135,0.024455671883325997,0.038115739822387695,0.00498262170754856,1,430,"{'max_depth': 1, 'min_samples_split': 430}",0.8910649999475214,0.8910743524077417,0.8910743524077417,0.8910837050642876,0.8910743524077417,6.613257453754711e-06,226
22,0.6615342497825623,0.01941086767241682,0.04818350076675415,0.010441338788575344,1,450,"{'max_depth': 1, 'min_samples_split': 450}",0.8910649999475214,0.8910743524077417,0.8910743524077417,0.8910837050642876,0.8910743524077417,6.613257453754711e-06,226
23,0.7281111478805542,0.05028860741646708,0.04746806621551514,0.009518213579213107,1,470,"{'max_depth': 1, 'min_samples_split': 470}",0.8910649999475214,0.8910743524077417,0.8910743524077417,0.8910837050642876,0.8910743524077417,6.613257453754711e-06,226
24,0.6448237299919128,0.021252470480033977,0.0414775013923645,0.006200306106356855,1,490,"{'max_depth': 1, 'min_samples_split': 490}",0.8910649999475214,0.8910743524077417,0.8910743524077417,0.8910837050642876,0.8910743524077417,6.613257453754711e-06,226
25,1.1677700877189636,0.10764242540980716,0.037176549434661865,0.0006708933254243072,3,10,"{'max_depth': 3, 'min_samples_split': 10}",0.9397651059542177,0.910449641042865,0.8955980519753138,0.8908318026764629,0.9091612788110333,0.019093135118832306,201
26,1.2441951036453247,0.0669880257070516,0.04042661190032959,0.011423109789402362,3,30,"{'max_depth': 3, 'min_samples_split': 30}",0.9397651059542177,0.910449641042865,0.8955980519753138,0.8908318026764629,0.9091612788110333,0.019093135118832306,201
27,1.1723723411560059,0.019785285743375704,0.03595191240310669,0.0014198232689684178,3,50,"{'max_depth': 3, 'min_samples_split': 50}",0.9397651059542177,0.910449641042865,0.8955980519753138,0.8908318026764629,0.9091612788110333,0.019093135118832306,201
28,1.1787098050117493,0.010167045979722265,0.03767913579940796,0.008305146026897177,3,70,"{'max_depth': 3, 'min_samples_split': 70}",0.9397651059542177,0.910449641042865,0.8955980519753138,0.8908318026764629,0.9091612788110333,0.019093135118832306,201
29,1.1660597324371338,0.028050572281025782,0.03631693124771118,0.0010945950732083793,3,90,"{'max_depth': 3, 'min_samples_split': 90}",0.9397651059542177,0.910449641042865,0.8955980519753138,0.8908318026764629,0.9091612788110333,0.019093135118832306,201
30,1.1681711673736572,0.019004335785250886,0.03655749559402466,0.008758547301087464,3,110,"{'max_depth': 3, 'min_samples_split': 110}",0.9397651059542177,0.910449641042865,0.8955980519753138,0.8908318026764629,0.9091612788110333,0.019093135118832306,201
31,1.1673946976661682,0.008346826862755579,0.0378454327583313,0.00398416642254668,3,130,"{'max_depth': 3, 'min_samples_split': 130}",0.9397651059542177,0.910449641042865,0.8955980519753138,0.8908318026764629,0.9091612788110333,0.019093135118832306,201
32,1.166551411151886,0.0055211022534428006,0.04014241695404053,0.006524235530115694,3,150,"{'max_depth': 3, 'min_samples_split': 150}",0.9397651059542177,0.910449641042865,0.8955980519753138,0.8908318026764629,0.9091612788110333,0.019093135118832306,201
33,1.1679166555404663,0.028257468879965143,0.03828132152557373,0.0026023302474560994,3,170,"{'max_depth': 3, 'min_samples_split': 170}",0.9397651059542177,0.910449641042865,0.8955980519753138,0.8908318026764629,0.9091612788110333,0.019093135118832306,201
34,1.1709455251693726,0.0333660449792187,0.038893163204193115,0.008116713982067448,3,190,"{'max_depth': 3, 'min_samples_split': 190}",0.9397651059542177,0.910449641042865,0.8955980519753138,0.8908318026764629,0.9091612788110333,0.019093135118832306,201
35,1.1611220240592957,0.026532438089489175,0.03894740343093872,0.000974162492081515,3,210,"{'max_depth': 3, 'min_samples_split': 210}",0.9397651059542177,0.910449641042865,0.8955980519753138,0.8908318026764629,0.9091612788110333,0.019093135118832306,201
36,1.1781232357025146,0.01918854868629182,0.0334627628326416,0.002311848966388229,3,230,"{'max_depth': 3, 'min_samples_split': 230}",0.9397651059542177,0.910449641042865,0.8955980519753138,0.8908318026764629,0.9091612788110333,0.019093135118832306,201
37,1.1596351265907288,0.01572447825630769,0.03635966777801514,0.0017140267874584064,3,250,"{'max_depth': 3, 'min_samples_split': 250}",0.9397651059542177,0.910449641042865,0.8955980519753138,0.8908318026764629,0.9091612788110333,0.019093135118832306,201
38,1.1731185913085938,0.016293129313114076,0.03582209348678589,0.0023264180981142687,3,270,"{'max_depth': 3, 'min_samples_split': 270}",0.9397651059542177,0.910449641042865,0.8955980519753138,0.8908318026764629,0.9091612788110333,0.019093135118832306,201
39,1.149511456489563,0.008029489936717519,0.03779226541519165,0.0038872152666427334,3,290,"{'max_depth': 3, 'min_samples_split': 290}",0.9397651059542177,0.910449641042865,0.8955980519753138,0.8908318026764629,0.9091612788110333,0.019093135118832306,201
40,1.1717554926872253,0.021435611948609868,0.034152209758758545,0.0009573686595657443,3,310,"{'max_depth': 3, 'min_samples_split': 310}",0.9397651059542177,0.910449641042865,0.8955980519753138,0.8908318026764629,0.9091612788110333,0.019093135118832306,201
41,1.1637820601463318,0.026868027025028406,0.041506052017211914,0.002041821158801602,3,330,"{'max_depth': 3, 'min_samples_split': 330}",0.9397651059542177,0.910449641042865,0.8955980519753138,0.8908318026764629,0.9091612788110333,0.019093135118832306,201
42,1.1618785858154297,0.03222013950575167,0.03683578968048096,0.004493849920738337,3,350,"{'max_depth': 3, 'min_samples_split': 350}",0.9397651059542177,0.910449641042865,0.8955980519753138,0.8908318026764629,0.9091612788110333,0.019093135118832306,201
43,1.1768451929092407,0.031496566871187084,0.034300148487091064,0.0026669106900361833,3,370,"{'max_depth': 3, 'min_samples_split': 370}",0.9397651059542177,0.910449641042865,0.8955980519753138,0.8908318026764629,0.9091612788110333,0.019093135118832306,201
44,1.1676181554794312,0.019974950739548778,0.03708988428115845,0.0017051447954055203,3,390,"{'max_depth': 3, 'min_samples_split': 390}",0.9397651059542177,0.910449641042865,0.8955980519753138,0.8908318026764629,0.9091612788110333,0.019093135118832306,201
45,1.1680253148078918,0.01931841649135838,0.03489947319030762,0.0037216173337526535,3,410,"{'max_depth': 3, 'min_samples_split': 410}",0.9397651059542177,0.910449641042865,0.8955980519753138,0.8908318026764629,0.9091612788110333,0.019093135118832306,201
46,1.1643096804618835,0.02975781509670698,0.03595477342605591,0.0018423693951520473,3,430,"{'max_depth': 3, 'min_samples_split': 430}",0.9397651059542177,0.910449641042865,0.8955980519753138,0.8908318026764629,0.9091612788110333,0.019093135118832306,201
47,1.174232840538025,0.015788990364691075,0.03351259231567383,0.0036051348280351047,3,450,"{'max_depth': 3, 'min_samples_split': 450}",0.9397651059542177,0.910449641042865,0.8955980519753138,0.8908318026764629,0.9091612788110333,0.019093135118832306,201
48,1.1678548455238342,0.02070042771555554,0.03693121671676636,0.005075282489913586,3,470,"{'max_depth': 3, 'min_samples_split': 470}",0.9397651059542177,0.910449641042865,0.8955980519753138,0.8908318026764629,0.9091612788110333,0.019093135118832306,201
49,1.1630803942680359,0.02038112821703274,0.033841729164123535,0.0017173084411449319,3,490,"{'max_depth': 3, 'min_samples_split': 490}",0.9397651059542177,0.910449641042865,0.8955980519753138,0.8908318026764629,0.9091612788110333,0.019093135118832306,201
50,1.5786920189857483,0.02367420189743877,0.03535008430480957,0.004412080291622977,5,10,"{'max_depth': 5, 'min_samples_split': 10}",0.8986429043735634,0.96306520005038,0.9777488559553298,0.9910469692993965,0.9576257399554977,0.03546302926606813,184
51,1.578961193561554,0.02995868120766209,0.03620803356170654,0.004408159960337201,5,30,"{'max_depth': 5, 'min_samples_split': 30}",0.8984959643985432,0.9630337125823922,0.9777698476006549,0.9910469692993965,0.957586380620513,0.035525902330734764,186
52,1.5935894846916199,0.02985375637897767,0.03551530838012695,0.005042983224448419,5,50,"{'max_depth': 5, 'min_samples_split': 50}",0.8986114172360591,0.9630442084050548,0.9777698476006549,0.9910469692993965,0.9576178680885008,0.03547829728254842,185
53,1.5680350065231323,0.028804119193943593,0.037840306758880615,0.003061222251103386,5,70,"{'max_depth': 5, 'min_samples_split': 70}",0.8985694343860533,0.9629917292917419,0.9777698476006549,0.9909525059039622,0.9575706368865191,0.03547151065776366,190
54,1.5838559865951538,0.01676778525964429,0.037410736083984375,0.00354162332124782,5,90,"{'max_depth': 5, 'min_samples_split': 90}",0.8985694343860533,0.963012720937067,0.9777698476006549,0.9909525059039622,0.9575758847978505,0.035472313848832634,188
55,1.5674725770950317,0.03976488686538608,0.0384516716003418,0.00284002427584059,5,110,"{'max_depth': 5, 'min_samples_split': 110}",0.8985694343860533,0.9629812334690793,0.9777803434233175,0.9909525059039622,0.9575706368865191,0.035472604608056575,190
56,1.5900299549102783,0.020125513685096644,0.03792762756347656,0.004501087934268169,5,130,"{'max_depth': 5, 'min_samples_split': 130}",0.8985694343860533,0.963012720937067,0.9777698476006549,0.9909525059039622,0.9575758847978505,0.035472313848832634,188
57,1.557487964630127,0.025949141270909658,0.03820466995239258,0.0013512243664429494,5,150,"{'max_depth': 5, 'min_samples_split': 150}",0.8985694343860533,0.9629812334690793,0.9777803434233175,0.9909525059039622,0.9575706368865191,0.035472604608056575,190
58,1.566381812095642,0.018365687950724963,0.03431820869445801,0.0026130819787985263,5,170,"{'max_depth': 5, 'min_samples_split': 170}",0.8985694343860533,0.9629812334690793,0.9777698476006549,0.9909525059039622,0.9575680129308535,0.03547110992888451,193
59,1.5681845545768738,0.029424746722827834,0.03824150562286377,0.002716272692532379,5,190,"{'max_depth': 5, 'min_samples_split': 190}",0.8985694343860533,0.963012720937067,0.9777803434233175,0.9909525059039622,0.9575785087535161,0.03547380789500516,187
60,1.6308094263076782,0.07349667252857021,0.03450489044189453,0.0048812041990196325,5,210,"{'max_depth': 5, 'min_samples_split': 210}",0.8987688529235807,0.9630232167597296,0.9777803434233175,0.9909525059039622,0.957630987866829,0.03539128377087889,182
61,1.6135549545288086,0.02568030593154194,0.05407118797302246,0.022190836902701593,5,230,"{'max_depth': 5, 'min_samples_split': 230}",0.8989472800361052,0.9629917292917419,0.9777803434233175,0.9909525059039622,0.957667723246148,0.03531591107629223,181
62,1.7753684520721436,0.08324374972052613,0.03747040033340454,0.0022049716082038367,5,250,"{'max_depth': 5, 'min_samples_split': 250}",0.8989472800361052,0.9630232167597296,0.9777698476006549,0.9909525059039622,0.9576729711574793,0.035315606939444966,178
63,1.6479881405830383,0.039202371404453595,0.04640614986419678,0.004762236798752088,5,270,"{'max_depth': 5, 'min_samples_split': 270}",0.8989472800361052,0.963012720937067,0.9777698476006549,0.9909525059039622,0.9576703472018137,0.03531520970548359,180
64,1.6811050772666931,0.08959992079168973,0.03317666053771973,0.0017653644644291845,5,290,"{'max_depth': 5, 'min_samples_split': 290}",0.8989472800361052,0.963012720937067,0.9777803434233175,0.9909525059039622,0.9576729711574793,0.03531670337947201,178
65,1.6403245329856873,0.09975816532795179,0.04432344436645508,0.002295206587419292,5,310,"{'max_depth': 5, 'min_samples_split': 310}",0.8989472800361052,0.9630232167597296,0.9777803434233175,0.9909525059039622,0.9576755951131449,0.03531710040168096,176
66,1.6306427121162415,0.04648715317690644,0.03677821159362793,0.009540830838831268,5,330,"{'max_depth': 5, 'min_samples_split': 330}",0.8989472800361052,0.9630232167597296,0.9777803434233175,0.9909525059039622,0.9576755951131449,0.03531710040168096,176
67,1.5687413215637207,0.04036284907725213,0.045701682567596436,0.0036343709050362196,5,350,"{'max_depth': 5, 'min_samples_split': 350}",0.8989472800361052,0.9628342919518031,0.9777803434233175,0.9909525059039622,0.9576283639111633,0.03531004281993316,183
68,1.6337209939956665,0.041477621145512525,0.03662139177322388,0.0041984379187409646,5,370,"{'max_depth': 5, 'min_samples_split': 370}",0.898632408661062,0.9628447877744658,0.9777803434233175,0.9909525059039622,0.9575522691968597,0.03544127623739246,194
69,1.576172649860382,0.01907005889568766,0.043508172035217285,0.004624150113683664,5,390,"{'max_depth': 5, 'min_samples_split': 390}",0.898632408661062,0.9628447877744658,0.9777698476006549,0.9909525059039622,0.957549645241194,0.03543977887699987,197
70,1.5873519778251648,0.016652177621133538,0.03294944763183594,0.0018219212842556943,5,410,"{'max_depth': 5, 'min_samples_split': 410}",0.898632408661062,0.9628342919518031,0.9777803434233175,0.9909525059039622,0.957549645241194,0.03544088468594393,197
71,1.5695160031318665,0.010451948252147823,0.046846985816955566,0.007422869603060709,5,430,"{'max_depth': 5, 'min_samples_split': 430}",0.898632408661062,0.9628447877744658,0.9777803434233175,0.9909525059039622,0.9575522691968597,0.03544127623739246,194
72,1.6026222109794617,0.03859939442099184,0.03631103038787842,0.0050899992182223824,5,450,"{'max_depth': 5, 'min_samples_split': 450}",0.898632408661062,0.9628447877744658,0.9777698476006549,0.9909525059039622,0.957549645241194,0.03543977887699987,197
73,1.5616154074668884,0.02546629072861106,0.04036682844161987,0.0063614520877967725,5,470,"{'max_depth': 5, 'min_samples_split': 470}",0.898632408661062,0.9628447877744658,0.9777803434233175,0.9909525059039622,0.9575522691968597,0.03544127623739246,194
74,1.5714465975761414,0.02754691121390553,0.03255516290664673,0.0017161052862629,5,490,"{'max_depth': 5, 'min_samples_split': 490}",0.898632408661062,0.9627818128384903,0.9777698476006549,0.9909525059039622,0.9575339015072001,0.0354374369814624,200
75,1.9539272785186768,0.015124220965654144,0.03559732437133789,0.004278336449983692,7,10,"{'max_depth': 7, 'min_samples_split': 10}",0.9710318334960168,0.9555187035559847,0.9961270414375079,0.9972815533980582,0.9799897140937907,0.017596112679788632,45
76,1.922205924987793,0.030975460937118487,0.03487128019332886,0.003925330909296904,7,30,"{'max_depth': 7, 'min_samples_split': 30}",0.9710213377835154,0.9543641630631009,0.9961060497921828,0.9972815533980582,0.9796932071035728,0.017996462585893443,53
77,1.9262331128120422,0.02152748427787165,0.03548550605773926,0.0020567486368572733,7,50,"{'max_depth': 7, 'min_samples_split': 50}",0.969635903733325,0.9543431714177757,0.9960640665015323,0.9972815533980582,0.9793311012217137,0.018170043720639965,73
78,1.9231012463569641,0.0329032638462633,0.03588247299194336,0.0045012547168160316,7,70,"{'max_depth': 7, 'min_samples_split': 70}",0.9695939208833192,0.9543221797724506,0.9959905957428943,0.997187090002624,0.9792733741970696,0.01814261726634984,74
79,1.933499276638031,0.02011619751792895,0.03551208972930908,0.0028101800020156626,7,90,"{'max_depth': 7, 'min_samples_split': 90}",0.9687332724582008,0.9539548259792603,0.9960010915655569,0.997187090002624,0.9789689953398547,0.018387955179876115,89
80,1.9097846746444702,0.0349059756156343,0.03555959463119507,0.00463654865486746,7,110,"{'max_depth': 7, 'min_samples_split': 110}",0.9703601078959245,0.9539233385112725,0.9960010915655569,0.997187090002624,0.9793678366010328,0.01818481606242991,71
81,1.9491755366325378,0.01769522181074957,0.03666281700134277,0.0018135750107360533,7,130,"{'max_depth': 7, 'min_samples_split': 130}",0.9695519380333134,0.9539443301565976,0.9960010915655569,0.997187090002624,0.9791710399261094,0.01828072940284124,75
82,1.926356852054596,0.026953678711587634,0.0376054048538208,0.0021723225054300094,7,150,"{'max_depth': 7, 'min_samples_split': 150}",0.9688907081457224,0.9533985473781434,0.9960325790335447,0.997208081868276,0.9788824048028885,0.018568908357813683,92
83,1.9486920833587646,0.017412949235920544,0.036508262157440186,0.0032675761512347165,7,170,"{'max_depth': 7, 'min_samples_split': 170}",0.9687332724582008,0.9533985473781434,0.9960325790335447,0.997208081868276,0.9788430454679038,0.018590200054845702,99
84,1.9083060026168823,0.04291924770884806,0.039449870586395264,0.008704406798616818,7,190,"{'max_depth': 7, 'min_samples_split': 190}",0.9688907081457224,0.9534090432008061,0.9960325790335447,0.997208081868276,0.9788850287585541,0.01856530746398151,91
85,1.952847182750702,0.012279624818879684,0.03612935543060303,0.00047338170988160276,7,210,"{'max_depth': 7, 'min_samples_split': 210}",0.9690901266832499,0.9535664805407448,0.9960325790335447,0.997208081868276,0.978974243251186,0.018484502917832976,88
86,1.9129027128219604,0.06370233257480896,0.034820377826690674,0.0037556235504794065,7,230,"{'max_depth': 7, 'min_samples_split': 230}",0.9693105366457802,0.9534195390234687,0.9960325790335447,0.997208081868276,0.9789926109408456,0.01850598528186647,82
87,1.9436339735984802,0.017283619577627425,0.04115307331085205,0.006610651837088658,7,250,"{'max_depth': 7, 'min_samples_split': 250}",0.9692790495082758,0.9534090432008061,0.996022083210882,0.997208081868276,0.9789794911625174,0.018511316404897903,87
88,1.9063790440559387,0.04693489283929536,0.04008454084396362,0.004776555085441973,7,270,"{'max_depth': 7, 'min_samples_split': 270}",0.9693000409332787,0.9533985473781434,0.9960325790335447,0.997208081868276,0.9789847390738486,0.01851461012509127,85
89,1.958632230758667,0.03065046589197249,0.0417102575302124,0.005860435589475813,7,290,"{'max_depth': 7, 'min_samples_split': 290}",0.9692790495082758,0.9534195390234687,0.9960325790335447,0.997208081868276,0.9789847390738486,0.018510108296580476,85
90,1.907091498374939,0.02837162061510259,0.035709381103515625,0.0030102124067209824,7,310,"{'max_depth': 7, 'min_samples_split': 310}",0.9693000409332787,0.9534300348461312,0.996022083210882,0.997208081868276,0.9789899869851799,0.01850131747202938,84
91,1.9309459924697876,0.020857599448575147,0.03899109363555908,0.004487919611493034,7,330,"{'max_depth': 7, 'min_samples_split': 330}",0.9692790495082758,0.9534510264914564,0.9960325790335447,0.997208081868276,0.9789926109408456,0.01849923791243612,82
92,1.992232322692871,0.048641283004833544,0.036769211292266846,0.0019372518100526888,7,350,"{'max_depth': 7, 'min_samples_split': 350}",0.9693000409332787,0.9532725975061925,0.9959905957428943,0.997208081868276,0.9789427557831983,0.018548500169907837,90
93,1.9550699591636658,0.015613156065004331,0.03911936283111572,0.0062336037635169796,7,370,"{'max_depth': 7, 'min_samples_split': 370}",0.9689641781332325,0.9532725975061925,0.9959905957428943,0.997208081868276,0.9788587892018976,0.018592669012764438,95
94,1.9391582012176514,0.04856650716147449,0.035852670669555664,0.005994792346109955,7,390,"{'max_depth': 7, 'min_samples_split': 390}",0.9689851695582354,0.95326210168353,0.9959066291615937,0.9972920493308843,0.9788614131575633,0.018594959884408555,93
95,1.9232932329177856,0.009869116032523557,0.04054105281829834,0.0068440415815947215,7,410,"{'max_depth': 7, 'min_samples_split': 410}",0.9689851695582354,0.9532725975061925,0.9958961333389311,0.9972920493308843,0.9788614131575633,0.01858894277480409,93
96,1.9339737296104431,0.037110311113809025,0.035424232482910156,0.004194116589290006,7,430,"{'max_depth': 7, 'min_samples_split': 430}",0.9689641781332325,0.95326210168353,0.9959066291615937,0.9972920493308843,0.978856165246232,0.018597749192435037,98
97,1.94326651096344,0.014389028107548428,0.037790000438690186,0.0058735562259136275,7,450,"{'max_depth': 7, 'min_samples_split': 450}",0.9689641781332325,0.9532725975061925,0.9959066291615937,0.9972920493308843,0.9788587892018976,0.01859413833184975,95
98,1.9222121834754944,0.04298590186875006,0.03916984796524048,0.007358039903942119,7,470,"{'max_depth': 7, 'min_samples_split': 470}",0.9689851695582354,0.95326210168353,0.9958961333389311,0.9972920493308843,0.9788587892018976,0.01859255501473592,95
99,1.9291489124298096,0.01022700115793953,0.03739041090011597,0.004865055167284982,7,490,"{'max_depth': 7, 'min_samples_split': 490}",0.9689641781332325,0.9532201183928797,0.9958961333389311,0.9972920493308843,0.9788430454679038,0.01860979186524756,99
100,2.2821640372276306,0.04627028209305058,0.03466796875,0.002372855761033018,9,10,"{'max_depth': 9, 'min_samples_split': 10}",0.9769514153468308,0.9554347369746841,0.9961480330828331,0.9974809761217528,0.9815037365128679,0.017102934767820745,11
101,2.259032368659973,0.018191273581431598,0.03516042232513428,0.001096085259179206,9,30,"{'max_depth': 9, 'min_samples_split': 30}",0.977192816734364,0.9549099458415551,0.9961375372601704,0.9974494883232747,0.9814223938872328,0.017278598876496694,14
102,2.2609795331954956,0.07063977909675752,0.042416393756866455,0.004960005578314286,9,50,"{'max_depth': 9, 'min_samples_split': 50}",0.9738131973088994,0.9549624249548679,0.9961060497921828,0.9974494883232747,0.9805827280742264,0.017519168731880988,28
103,2.4867217540740967,0.07081136483103388,0.04658365249633789,0.006727274571481012,9,70,"{'max_depth': 9, 'min_samples_split': 70}",0.9736557616213777,0.9540282967378984,0.9958751416936059,0.9972605615324062,0.9802048784583736,0.01778029269919385,33
104,2.401076316833496,0.044339275772748155,0.03753608465194702,0.007889989639332398,9,90,"{'max_depth': 9, 'min_samples_split': 90}",0.9737397273213892,0.9533775557328183,0.9954133254964525,0.9971241144056678,0.979913619379487,0.017879589878948787,51
105,2.3958107233047485,0.06789736659267222,0.03725093603134155,0.0037733225351685657,9,110,"{'max_depth': 9, 'min_samples_split': 110}",0.9749572299715566,0.95326210168353,0.9954028296737898,0.997187090002624,0.9802022545027079,0.01783831199695905,34
106,2.296673834323883,0.04009628323272817,0.036720097064971924,0.006135000563365558,9,130,"{'max_depth': 9, 'min_samples_split': 130}",0.9734353516588473,0.9531886309248919,0.9953923338511272,0.9970716347415377,0.9797719257735421,0.017958967785273196,52
107,2.239991068840027,0.009228159804287293,0.037389516830444336,0.007361553879233418,9,150,"{'max_depth': 9, 'min_samples_split': 150}",0.9728895746087723,0.9526533439691003,0.9954133254964525,0.9970926266071897,0.9795121541626433,0.018215184067673307,64
108,2.246233880519867,0.060926143844540356,0.03592193126678467,0.005043280986609097,9,170,"{'max_depth': 9, 'min_samples_split': 170}",0.9728895746087723,0.9526533439691003,0.9954343171417775,0.9970926266071897,0.9795174020739745,0.018219766988504162,63
109,2.240048408508301,0.013040205624236953,0.0422627329826355,0.007059758982463324,9,190,"{'max_depth': 9, 'min_samples_split': 190}",0.973403864521343,0.9526743356144255,0.9953818380284647,0.9970926266071897,0.9796381040345943,0.018155118274875787,60
110,2.287747323513031,0.0685680712154034,0.04109549522399902,0.006606354504424676,9,210,"{'max_depth': 9, 'min_samples_split': 210}",0.9731729588463113,0.9528317729543642,0.9954028296737898,0.9970926266071897,0.979624984256266,0.018121540866706698,61
111,2.2650638818740845,0.03605549587331017,0.041096508502960205,0.00883840284319248,9,230,"{'max_depth': 9, 'min_samples_split': 230}",0.9733618816713373,0.9519186363827197,0.9953608463831395,0.9970926266071897,0.9794334354926739,0.01843539054497934,67
112,2.244633972644806,0.05348982006296903,0.035751938819885254,0.0022560177390359157,9,250,"{'max_depth': 9, 'min_samples_split': 250}",0.9740441029839311,0.9518871489147319,0.9953503505604769,0.9970926266071897,0.9795934967882782,0.01839111591573621,62
113,2.264760375022888,0.03658766840259578,0.03697347640991211,0.003920285982055604,9,270,"{'max_depth': 9, 'min_samples_split': 270}",0.9733618816713373,0.9518766530920694,0.9953608463831395,0.9970086591445815,0.9794019480246862,0.018430980068909517,68
114,2.260090410709381,0.0662582069617412,0.03786414861679077,0.003756671673328346,9,290,"{'max_depth': 9, 'min_samples_split': 290}",0.9733408902463344,0.9518871489147319,0.9953713422058021,0.9970086591445815,0.9794019480246862,0.01843105769033606,68
115,2.2644359469413757,0.014937493873373092,0.04052841663360596,0.0037683299807273205,9,310,"{'max_depth': 9, 'min_samples_split': 310}",0.9735613002088647,0.9519186363827197,0.9953503505604769,0.9970086591445815,0.9794596750493304,0.018396855576179885,65
116,2.2207958102226257,0.03247667951241843,0.035319387912750244,0.0011447836389325183,9,330,"{'max_depth': 9, 'min_samples_split': 330}",0.9735193173588589,0.9519186363827197,0.9953293589151517,0.9970086591445815,0.9794439313153365,0.018395695934456915,66
117,2.2801641821861267,0.03859878830640728,0.03975176811218262,0.0031249605837062335,9,350,"{'max_depth': 9, 'min_samples_split': 350}",0.9735088216463574,0.9517402073974558,0.9952978714471641,0.9970086591445815,0.979388828246358,0.018456529422404628,70
118,2.231592893600464,0.0506086733140042,0.03544837236404419,0.0021221968885273153,9,370,"{'max_depth': 9, 'min_samples_split': 370}",0.973330394533833,0.9517402073974558,0.9953188630924892,0.9970086591445815,0.9793494689113733,0.018475431220108134,72
119,2.255313217639923,0.017744668559709915,0.03929930925369263,0.0026639228144981907,9,390,"{'max_depth': 9, 'min_samples_split': 390}",0.9723752846962016,0.9517507032201183,0.9952034090432008,0.9970926266071897,0.9791054410344683,0.01854897021177337,76
120,2.253203570842743,0.014845007329009759,0.037151992321014404,0.0043077229383155025,9,410,"{'max_depth': 9, 'min_samples_split': 410}",0.9722493361461843,0.9517507032201183,0.9952034090432008,0.9970926266071897,0.9790739535664805,0.018560471476286904,79
121,2.28055077791214,0.04812289964825576,0.037639498710632324,0.002943338418735104,9,430,"{'max_depth': 9, 'min_samples_split': 430}",0.9722493361461843,0.9517507032201183,0.9952244006885259,0.9970926266071897,0.9790792014778118,0.018565033691003822,78
122,2.2356104254722595,0.030092043548677748,0.03525060415267944,0.003575602874380435,9,450,"{'max_depth': 9, 'min_samples_split': 450}",0.9722493361461843,0.9517507032201183,0.9952348965111886,0.9970926266071897,0.9790818254334774,0.01856731604668325,77
123,2.258122980594635,0.03430422449751869,0.03476589918136597,0.0025777040686196825,9,470,"{'max_depth': 9, 'min_samples_split': 470}",0.9722493361461843,0.951708719929468,0.9952244006885259,0.9970926266071897,0.9790687056551493,0.018580486446206988,80
124,2.263915181159973,0.034165483903709104,0.03369385004043579,0.0013990106366509047,9,490,"{'max_depth': 9, 'min_samples_split': 490}",0.9722493361461843,0.9516667366388177,0.9952244006885259,0.9970926266071897,0.9790582098324867,0.018595944132552573,81
125,2.553646206855774,0.03032480914493404,0.03710007667541504,0.002707134635829016,11,10,"{'max_depth': 11, 'min_samples_split': 10}",0.976174732621724,0.9588353835173601,0.9959905957428943,0.9975754395171871,0.9821439816952853,0.015880642062209974,6
126,2.559485375881195,0.03200819275260696,0.037023961544036865,0.007249576985310941,11,30,"{'max_depth': 11, 'min_samples_split': 30}",0.9761012626342139,0.9592657122465259,0.9958961333389311,0.9975019679874049,0.9821912128972669,0.01569162251710528,4
127,2.5558170080184937,0.038803853452222224,0.03648114204406738,0.002602291691057229,11,50,"{'max_depth': 11, 'min_samples_split': 50}",0.9734773345088531,0.9594441412317898,0.9958016709349679,0.9975964313828392,0.9815798312271716,0.01592505436732772,9
128,2.5621933937072754,0.03288367152902627,0.03670847415924072,0.003781011287891572,11,70,"{'max_depth': 11, 'min_samples_split': 70}",0.9734878302213545,0.9590243083252865,0.9955077879004156,0.9973235371293624,0.9813358033502666,0.015936155696993297,15
129,2.5525148510932922,0.03655762933744333,0.03823059797286987,0.002895260654558349,11,90,"{'max_depth': 11, 'min_samples_split': 90}",0.9736767530463806,0.9567677064528318,0.9950774591712498,0.997187090002624,0.9806771904781897,0.016587734359887574,27
130,2.5670870542526245,0.03436572896614731,0.03415137529373169,0.0033696625237941073,11,110,"{'max_depth': 11, 'min_samples_split': 110}",0.9748522728465422,0.956536798354255,0.9950774591712498,0.9972500655995802,0.9809290902220916,0.016571510077128856,25
131,2.557819128036499,0.049187487208423634,0.03888911008834839,0.001963563942123087,11,130,"{'max_depth': 11, 'min_samples_split': 130}",0.9734668387963517,0.9560854779797641,0.9950669633485872,0.9971346103384938,0.9804384105126159,0.01684060098484949,29
132,2.551215887069702,0.04798750075256585,0.03442877531051636,0.002738713478075784,11,150,"{'max_depth': 11, 'min_samples_split': 150}",0.972763626058755,0.9555396952013099,0.9950669633485872,0.9971556022041459,0.9801314076997355,0.017116717550415765,39
133,2.5453986525535583,0.05040675002941882,0.03636598587036133,0.003159279153437875,11,170,"{'max_depth': 11, 'min_samples_split': 170}",0.9727321389212507,0.9554347369746841,0.9950774591712498,0.9971556022041459,0.9800999202317477,0.017160098654533114,40
134,2.5651575922966003,0.03829469982189065,0.03594052791595459,0.004843754398457553,11,190,"{'max_depth': 11, 'min_samples_split': 190}",0.9730889931462997,0.955035895713506,0.9950039884126117,0.9971556022041459,0.9800710567194256,0.01725094265416318,41
135,2.5955545902252197,0.060791270563968304,0.039620280265808105,0.004181616711321528,11,210,"{'max_depth': 11, 'min_samples_split': 210}",0.9740441029839311,0.9551828372307821,0.9950669633485872,0.9971556022041459,0.9803623157983122,0.017118444299965733,30
136,2.5462825894355774,0.04614749801504273,0.032504260540008545,0.0016761211575919322,11,230,"{'max_depth': 11, 'min_samples_split': 230}",0.9735822916338676,0.9543116839497879,0.9950249800579369,0.9971556022041459,0.9800185776061128,0.017472387055031256,42
137,2.5387285351753235,0.043175664317307134,0.03260427713394165,0.0016384997671337915,11,250,"{'max_depth': 11, 'min_samples_split': 250}",0.9734563430838502,0.9542592048364751,0.9950354758805995,0.9971556022041459,0.9799765943154625,0.01750559462340598,46
138,2.589833438396454,0.05549628096378529,0.036537349224090576,0.0027799329020961913,11,270,"{'max_depth': 11, 'min_samples_split': 270}",0.9734458473713488,0.9542382131911499,0.9950144842352744,0.9970716347415377,0.9799424828918091,0.017489183692723367,47
139,2.575270414352417,0.049773115694669114,0.03443634510040283,0.0005578275500705066,11,290,"{'max_depth': 11, 'min_samples_split': 290}",0.9734458473713488,0.9542382131911499,0.9950144842352744,0.9970716347415377,0.9799424828918091,0.017489183692723367,47
140,2.570479989051819,0.031092531450532875,0.0364837646484375,0.003102108692694706,11,310,"{'max_depth': 11, 'min_samples_split': 310}",0.9736767530463806,0.9542801964818003,0.9950249800579369,0.9970716347415377,0.9800133296947815,0.017454792562268305,43
141,2.557989239692688,0.04345276394199558,0.03449183702468872,0.001721345233513319,11,330,"{'max_depth': 11, 'min_samples_split': 330}",0.9736137787713719,0.9542906923044628,0.9950039884126117,0.9970716347415377,0.9799949620051219,0.017452148667307432,44
142,2.5841253995895386,0.03884887283149198,0.03681528568267822,0.0032281852829395465,11,350,"{'max_depth': 11, 'min_samples_split': 350}",0.9736137787713719,0.9541017674965364,0.9949725009446241,0.9970716347415377,0.9799398589361434,0.01751500547408677,49
143,2.563804566860199,0.10461265046118974,0.0387611985206604,0.006800615143332028,11,370,"{'max_depth': 11, 'min_samples_split': 370}",0.9734458473713488,0.9541962299004996,0.9949725009446241,0.9970716347415377,0.9799214912464839,0.01749557588915982,50
144,2.5815370082855225,0.017876002540971346,0.03425651788711548,0.003901199586611773,11,390,"{'max_depth': 11, 'min_samples_split': 390}",0.9724802418212161,0.954185734077837,0.9948780385406608,0.9971556022041459,0.9796748394139133,0.017593808518729503,55
145,2.5684271454811096,0.021206377780388787,0.03626251220703125,0.007365819677203675,11,410,"{'max_depth': 11, 'min_samples_split': 410}",0.9723647889837002,0.9542067257231622,0.9949095260086486,0.9971556022041459,0.9796590956799194,0.017604905266329067,57
146,2.57966548204422,0.05357329823459499,0.03728240728378296,0.004100535851329527,11,430,"{'max_depth': 11, 'min_samples_split': 430}",0.9723647889837002,0.9542172215458248,0.9948570468953356,0.9971556022041459,0.9796485998572568,0.017589757218838584,59
147,2.563417613506317,0.06586747515273607,0.041108548641204834,0.00847336448697909,11,450,"{'max_depth': 11, 'min_samples_split': 450}",0.9723542932711987,0.9542172215458248,0.994899030185986,0.9972710574652323,0.9796853352365759,0.017628673019802515,54
148,2.564688801765442,0.03516755113818865,0.04064291715621948,0.00886959787813536,11,470,"{'max_depth': 11, 'min_samples_split': 470}",0.9723752846962016,0.9541752382551745,0.9948780385406608,0.9972710574652323,0.9796748394139133,0.017637138523538563,55
149,2.554261028766632,0.0685091378079253,0.03570526838302612,0.0035954925349987706,11,490,"{'max_depth': 11, 'min_samples_split': 490}",0.9723647889837002,0.9541227591418615,0.9948570468953356,0.9972710574652323,0.9796538477685881,0.017652673350785315,58
150,2.7646747827529907,0.07668882932000953,0.038921058177948,0.0016416218108522367,13,10,"{'max_depth': 13, 'min_samples_split': 10}",0.9766365439717876,0.961889667912171,0.9959276208069189,0.9976908947782734,0.9830361266216046,0.014740067858085633,2
151,2.77984082698822,0.1328439317235531,0.03414618968963623,0.001800432028655339,13,30,"{'max_depth': 13, 'min_samples_split': 30}",0.9774237224093958,0.9612809101977413,0.9958331584029556,0.9977118866439255,0.983062366178261,0.014865444774029325,1
152,2.7802553176879883,0.11146830002472345,0.0385662317276001,0.007090314491669638,13,50,"{'max_depth': 13, 'min_samples_split': 50}",0.9746738457340176,0.961564297409631,0.9952034090432008,0.9977223825767515,0.9822909232125614,0.014937145180058765,3
153,2.7697742581367493,0.11394698313101874,0.03561842441558838,0.004664035793990241,13,70,"{'max_depth': 13, 'min_samples_split': 70}",0.9752196227840927,0.9611234728578026,0.9949200218313111,0.9974284964576227,0.9821728452076074,0.014888307912839746,5
154,2.7597591280937195,0.08913387568755264,0.04070770740509033,0.008445839602296886,13,90,"{'max_depth': 13, 'min_samples_split': 90}",0.9742855043714642,0.9583315840295562,0.994447709811495,0.9973130411965363,0.9810943994290272,0.015857646274741077,22
155,2.754521369934082,0.1283680236753192,0.03973668813705444,0.005636594212098132,13,110,"{'max_depth': 13, 'min_samples_split': 110}",0.9743694700714758,0.9596015785717285,0.995098450816575,0.9973760167934925,0.9816113186951593,0.01555071873537126,8
156,2.780797302722931,0.09848053367600293,0.04110872745513916,0.0062108255061529075,13,130,"{'max_depth': 13, 'min_samples_split': 130}",0.9742645129464613,0.9591397623745749,0.995098450816575,0.9972605615324062,0.9814407615768924,0.01569736896424875,13
157,2.7784152030944824,0.1363080733991236,0.037551045417785645,0.005486022841913495,13,150,"{'max_depth': 13, 'min_samples_split': 150}",0.9734563430838502,0.9586254670641084,0.9951614257525505,0.997187090002624,0.9811075192073555,0.01596907911789344,20
158,2.773261070251465,0.12658066874922652,0.04201227426528931,0.00430788595160794,13,170,"{'max_depth': 13, 'min_samples_split': 170}",0.9752091270715912,0.9585310046601453,0.9951509299298879,0.9972920493308843,0.9815457198035182,0.015834108561692893,10
159,2.758903741836548,0.11099971216625418,0.03634929656982422,0.001608097296580743,13,190,"{'max_depth': 13, 'min_samples_split': 190}",0.9739601372839195,0.9585100130148201,0.9950879549939124,0.997208081868276,0.9811914857886561,0.015940378532846765,16
160,2.7993252873420715,0.10375352325922385,0.040367186069488525,0.007736586743859077,13,210,"{'max_depth': 13, 'min_samples_split': 210}",0.9760172969342024,0.9586989378227465,0.9950669633485872,0.997176594069798,0.9817398925227759,0.015648754805554395,7
161,2.78235125541687,0.1411229684572715,0.03745537996292114,0.004163731049528629,13,230,"{'max_depth': 13, 'min_samples_split': 230}",0.9745898800340062,0.9577753054284395,0.9950564675259247,0.997176594069798,0.9811495024980058,0.01612180845655271,17
162,2.791531264781952,0.11271867508582288,0.03664684295654297,0.0030164301646932777,13,250,"{'max_depth': 13, 'min_samples_split': 250}",0.9758283741091764,0.9577438179604517,0.9950774591712498,0.997176594069798,0.9814565053108862,0.01602043004714104,12
163,2.7622413635253906,0.11870625929513656,0.03830045461654663,0.006207269228267883,13,270,"{'max_depth': 13, 'min_samples_split': 270}",0.9744639314839888,0.9577438179604517,0.9950669633485872,0.9970926266071897,0.9810917754733616,0.01612751006025286,23
164,2.73978453874588,0.10981841345382885,0.03873610496520996,0.0037971479594045006,13,290,"{'max_depth': 13, 'min_samples_split': 290}",0.9744849229089917,0.9577438179604517,0.995098450816575,0.9970926266071897,0.9811048952516899,0.016132179753726564,21
165,2.775056838989258,0.08703793236659564,0.03592789173126221,0.003238623623485212,13,310,"{'max_depth': 13, 'min_samples_split': 310}",0.9746738457340176,0.957712330492464,0.9950249800579369,0.9970926266071897,0.981125886897015,0.01610855973934535,18
166,2.780013144016266,0.13163819147498304,0.039684832096099854,0.0031298631708044067,13,330,"{'max_depth': 13, 'min_samples_split': 330}",0.9746213671715105,0.9577018346698014,0.9950774591712498,0.9970926266071897,0.9811232629413493,0.016128979247398277,19
167,2.7716047763824463,0.1212114623166245,0.03950142860412598,0.006316260110393933,13,350,"{'max_depth': 13, 'min_samples_split': 350}",0.9746213671715105,0.9572715059406356,0.9949829967672866,0.9970926266071897,0.9809920651580671,0.01626516733593417,24
168,2.7776426672935486,0.12902377359657421,0.03731268644332886,0.0055426385761236764,13,370,"{'max_depth': 13, 'min_samples_split': 370}",0.9744429400589859,0.9571245644233595,0.9949829967672866,0.9970926266071897,0.9809107225324321,0.016336264414098262,26
169,2.753512918949127,0.11406690824867902,0.0373842716217041,0.005571417357225104,13,390,"{'max_depth': 13, 'min_samples_split': 390}",0.9716615762461035,0.9571350602460221,0.994899030185986,0.997176594069798,0.9802179982367017,0.016652017934604437,31
170,2.744376063346863,0.09939572505907318,0.035665690898895264,0.005637074092772315,13,410,"{'max_depth': 13, 'min_samples_split': 410}",0.9715356276960861,0.9571350602460221,0.9948780385406608,0.997176594069798,0.9801812628573827,0.016663648411698977,37
171,2.7559452056884766,0.12403106685385713,0.039388954639434814,0.003881297194638183,13,430,"{'max_depth': 13, 'min_samples_split': 430}",0.9715356276960861,0.9571455560686847,0.9948570468953356,0.997176594069798,0.9801786389017171,0.016655392821165474,38
172,2.761365234851837,0.09702959802326272,0.03856533765792847,0.006082380880392418,13,450,"{'max_depth': 13, 'min_samples_split': 450}",0.9715461234085876,0.9571350602460221,0.9948570468953356,0.9972920493308843,0.9802075024140392,0.016687163439213854,32
173,2.782145082950592,0.13241734201711758,0.0373266339302063,0.004307520501626634,13,470,"{'max_depth': 13, 'min_samples_split': 470}",0.9715461234085876,0.9571140686006969,0.9948570468953356,0.9972920493308843,0.9802022545027079,0.016694420341244083,34
174,2.7560861706733704,0.11098581784200837,0.03523886203765869,0.004797242751013441,13,490,"{'max_depth': 13, 'min_samples_split': 490}",0.9715461234085876,0.9570615894873841,0.9948465510726731,0.9972920493308843,0.9801865107687141,0.016710267964066473,36
175,2.8976813554763794,0.15131070052673273,0.03894156217575073,0.004431111157725918,15,10,"{'max_depth': 15, 'min_samples_split': 10}",0.9818948959350106,0.9346215206347873,0.9955707628363911,0.9969981632117555,0.9772712960241824,0.025319937457875502,101
176,2.897598445415497,0.12379034107118692,0.03912240266799927,0.0034651507449459055,15,30,"{'max_depth': 15, 'min_samples_split': 30}",0.981716468822486,0.9340442503883455,0.9956862168856795,0.9971136184728417,0.9771400982409001,0.025598297451534663,102
177,2.919654428958893,0.16938076891580764,0.03565555810928345,0.0026787503586285636,15,50,"{'max_depth': 15, 'min_samples_split': 50}",0.9777176023594362,0.9333200386246274,0.9948675427179983,0.9971660981369719,0.9757677694277678,0.025633458331202456,105
178,2.8923795223236084,0.1504024606883004,0.03680860996246338,0.0025590435728048986,15,70,"{'max_depth': 15, 'min_samples_split': 70}",0.9784523022345372,0.9335614425458667,0.9945421722154583,0.9967567567567568,0.9758281204080775,0.02540461285503145,104
179,2.89567768573761,0.14110425272582594,0.03746616840362549,0.00027237267072315643,15,90,"{'max_depth': 15, 'min_samples_split': 90}",0.9780534651594823,0.9308430244762584,0.9940698601956421,0.9967147730254526,0.9749202317477644,0.026430677106187826,106
180,2.896051824092865,0.12940229613724777,0.038823068141937256,0.005100455140395094,15,110,"{'max_depth': 15, 'min_samples_split': 110}",0.9792289849596439,0.9321445064864184,0.9946996095553969,0.9972920493308843,0.9758412401864058,0.026156509466318246,103
181,2.905425786972046,0.15996996376751485,0.03854590654373169,0.006448718037091616,15,130,"{'max_depth': 15, 'min_samples_split': 130}",0.9750726828090724,0.9315987237079643,0.9947415928460472,0.9972395696667541,0.9746630840925312,0.026303734398145734,108
182,2.8992972373962402,0.13933459394947867,0.03615009784698486,0.0030241577623191167,15,150,"{'max_depth': 15, 'min_samples_split': 150}",0.9738341887339022,0.930926991057559,0.9947415928460472,0.9971031225400158,0.9741514127377304,0.026547985952099777,111
183,2.880801737308502,0.1646624429866783,0.03588908910751343,0.0028700574217584993,15,170,"{'max_depth': 15, 'min_samples_split': 170}",0.9738971630089108,0.9302972416978043,0.9947520886687099,0.9972710574652323,0.9740543263781015,0.026842668780742412,115
184,2.899759829044342,0.09293033202131493,0.034878432750701904,0.0031082478659486216,15,190,"{'max_depth': 15, 'min_samples_split': 190}",0.9749152471215509,0.9305386456190436,0.9946786179100718,0.997187090002624,0.9743298417229942,0.026713912887006176,109
185,2.897310197353363,0.15388128810183926,0.03677523136138916,0.004491071309718651,15,210,"{'max_depth': 15, 'min_samples_split': 210}",0.9763006811717413,0.9306121163776817,0.9947310970233847,0.9971556022041459,0.9746998194718502,0.026701111002261076,107
186,2.8709914684295654,0.1322849611288033,0.03660768270492554,0.0019817494018584763,15,230,"{'max_depth': 15, 'min_samples_split': 230}",0.9748837599840465,0.9298144338553256,0.9946471304420841,0.9971556022041459,0.9741251731810739,0.026997976328746072,112
187,2.88925439119339,0.14601827316803467,0.03756535053253174,0.003598233387153248,15,250,"{'max_depth': 15, 'min_samples_split': 250}",0.9747473157215277,0.9297514589193501,0.9946996095553969,0.9971556022041459,0.9740884378017549,0.027032899913570375,113
188,2.8757734894752502,0.13176940483707275,0.03410571813583374,0.001547330345813898,15,270,"{'max_depth': 15, 'min_samples_split': 270}",0.9747578114340292,0.9290377429782947,0.9946996095553969,0.9970716347415377,0.9738916411268316,0.0273079679423622,121
189,2.867741584777832,0.1082266058681781,0.035222530364990234,0.004081315369894185,15,290,"{'max_depth': 15, 'min_samples_split': 290}",0.974894255696548,0.929027247155632,0.9946891137327344,0.9970716347415377,0.9739205046391536,0.02731143117706557,119
190,2.8982250690460205,0.11911377483055588,0.0375097393989563,0.0027074765154143352,15,310,"{'max_depth': 15, 'min_samples_split': 310}",0.9750726828090724,0.928953776396994,0.9946681220874092,0.9970716347415377,0.9739414962844788,0.02733937290784163,116
191,2.8827215433120728,0.16683470237394685,0.03747433423995972,0.0024936288340015084,15,330,"{'max_depth': 15, 'min_samples_split': 330}",0.9750202042465653,0.9289957596876444,0.9946366346194214,0.9970086591445815,0.9739152567278223,0.027302276808023877,120
192,2.859670341014862,0.10654660793343962,0.03383147716522217,0.0010782152590562936,15,350,"{'max_depth': 15, 'min_samples_split': 350}",0.9750202042465653,0.9284814643771779,0.9946261387967589,0.9970716347415377,0.9737998026785339,0.027525215445956087,124
193,2.8356539011001587,0.13257772575471802,0.0358162522315979,0.00422644267966979,15,370,"{'max_depth': 15, 'min_samples_split': 370}",0.9748417771340407,0.9283660103278895,0.9946261387967589,0.9970086591445815,0.9737105881859021,0.02755750811305952,129
194,2.887169897556305,0.09978373699889755,0.04366558790206909,0.0029334473316798074,15,390,"{'max_depth': 15, 'min_samples_split': 390}",0.9720499176086569,0.9283450186825644,0.9944791972794828,0.9971556022041459,0.9730073680675091,0.027567248297150106,141
195,2.8710954189300537,0.12349931231780861,0.03790915012359619,0.005285240791742202,15,410,"{'max_depth': 15, 'min_samples_split': 410}",0.971934464771141,0.9284394810865275,0.9944372139888324,0.9971556022041459,0.9729916243335153,0.02752188256496527,144
196,2.8849520087242126,0.10271012384990401,0.038692593574523926,0.005149531505513732,15,430,"{'max_depth': 15, 'min_samples_split': 430}",0.971934464771141,0.928428985263865,0.9944687014568202,0.9971660981369719,0.9729994962005122,0.027534569375052415,143
197,2.876578986644745,0.1466503411877537,0.037802934646606445,0.006180301022341248,15,450,"{'max_depth': 15, 'min_samples_split': 450}",0.971934464771141,0.9284394810865275,0.994447709811495,0.9972185778011021,0.9730099920231747,0.027537757871547063,139
198,2.859430491924286,0.13508929561643554,0.03828197717666626,0.004940722608430324,15,470,"{'max_depth': 15, 'min_samples_split': 470}",0.9719449604836424,0.9283345228599018,0.9944791972794828,0.9972815533980582,0.9730099920231747,0.027600095705341054,139
199,2.8487892150878906,0.15139939014207007,0.035844624042510986,0.0021417033560259145,15,490,"{'max_depth': 15, 'min_samples_split': 490}",0.9719449604836424,0.9282715479239263,0.9944372139888324,0.9972815533980582,0.9729837524665184,0.02761742330490716,147
200,2.970273733139038,0.10787098428542001,0.03933441638946533,0.0009823936872240665,17,10,"{'max_depth': 17, 'min_samples_split': 10}",0.9809712732348835,0.8876002351064276,0.9957386959989925,0.9973760167934925,0.9654215122381292,0.045382155233882296,174
201,2.9514445066452026,0.13371841887569655,0.03820103406906128,0.0016016216388481381,17,30,"{'max_depth': 17, 'min_samples_split': 30}",0.9809922646598864,0.9232230572232252,0.9954867962550905,0.9971346103384938,0.9742091397623746,0.03009942785826107,110
202,2.9659820199012756,0.11410415649811033,0.037293076515197754,0.002490519498719526,17,50,"{'max_depth': 17, 'min_samples_split': 50}",0.9775181838219088,0.9233490070951761,0.9948675427179983,0.9972185778011021,0.9732382761660859,0.02979148776343894,136
203,2.939209818840027,0.137654291325361,0.03713977336883545,0.002304820597054844,17,70,"{'max_depth': 17, 'min_samples_split': 70}",0.9782738751220127,0.9217851295184517,0.9945106847474705,0.9967987404880608,0.9728420588605735,0.030330516357528075,152
204,2.9389520287513733,0.16354471839631138,0.036244213581085205,0.0005925500213176673,17,90,"{'max_depth': 17, 'min_samples_split': 90}",0.9780639608719838,0.9199168730845123,0.9939963894370041,0.9966937811598006,0.9721677022545027,0.03099568194352056,161
205,2.936338722705841,0.11734147219492988,0.03646916151046753,0.0025482921687131387,17,110,"{'max_depth': 17, 'min_samples_split': 110}",0.9777280980719376,0.9213338091439607,0.9946996095553969,0.9972710574652323,0.9727580922792729,0.030624612032709907,159
206,2.9424378275871277,0.14676294155039754,0.0352020263671875,0.0028646285513552945,17,130,"{'max_depth': 17, 'min_samples_split': 130}",0.9756604427091533,0.9209349678827826,0.9946681220874092,0.997176594069798,0.9721099752298585,0.030694812686430237,162
207,2.9966639280319214,0.14418776788803514,0.037914395332336426,0.002684703183822054,17,150,"{'max_depth': 17, 'min_samples_split': 150}",0.973970632996421,0.9204311683949788,0.9947101053780595,0.9971660981369719,0.9715694403627356,0.030868920600843713,168
208,2.9391449689865112,0.15142581972945438,0.03593498468399048,0.002565210699366966,17,170,"{'max_depth': 17, 'min_samples_split': 170}",0.974705332871522,0.9197804273898988,0.9947415928460472,0.9972710574652323,0.9716245434317142,0.03118268142528548,167
209,2.9409900903701782,0.1298783485581377,0.03688943386077881,0.0037121005458441623,17,190,"{'max_depth': 17, 'min_samples_split': 190}",0.9758598612466808,0.9199588563751627,0.9946786179100718,0.997187090002624,0.9719210504219321,0.03111212359163614,163
210,2.9534435868263245,0.10096266298610877,0.039320290088653564,0.0034392405476804,17,210,"{'max_depth': 17, 'min_samples_split': 210}",0.9748207857090379,0.9201162937151014,0.9946996095553969,0.9971556022041459,0.9716980141903523,0.031014436421162295,165
211,2.9696272015571594,0.13732484543199575,0.03676325082778931,0.004274029586724302,17,230,"{'max_depth': 17, 'min_samples_split': 230}",0.9748732642715451,0.9192136529661195,0.9946786179100718,0.9970926266071897,0.9714644821361098,0.031374591876409626,169
212,2.9516725540161133,0.13291657806336063,0.037491798400878906,0.002628895112781347,17,250,"{'max_depth': 17, 'min_samples_split': 250}",0.9747473157215277,0.9297514589193501,0.9946786179100718,0.9971556022041459,0.9740831898904236,0.027028899887994697,114
213,2.928597927093506,0.13085797438966815,0.0398218035697937,0.0072481610183100596,17,270,"{'max_depth': 17, 'min_samples_split': 270}",0.9747473157215277,0.929027247155632,0.9946366346194214,0.9970716347415377,0.9738706494815064,0.02730020828654975,123
214,2.9352821111679077,0.13294369850200405,0.03719693422317505,0.0018795215523457513,17,290,"{'max_depth': 17, 'min_samples_split': 290}",0.9748837599840465,0.929027247155632,0.9946471304420841,0.9970086591445815,0.9738916411268316,0.027290013770509047,121
215,2.934631884098053,0.11675262480279129,0.036101579666137695,0.0021317941771788907,17,310,"{'max_depth': 17, 'min_samples_split': 310}",0.9750726828090724,0.9289222889290063,0.9946261387967589,0.9970716347415377,0.9739231285948192,0.027344375122748548,118
216,2.928920805454254,0.14284885705125974,0.03893625736236572,0.0037058804667837847,17,330,"{'max_depth': 17, 'min_samples_split': 330}",0.9750306999590668,0.9289327847516688,0.9946786179100718,0.9970716347415377,0.9739283765061506,0.027349569034463388,117
217,2.953809440135956,0.14702641871729227,0.0383419394493103,0.0041169992606662105,17,350,"{'max_depth': 17, 'min_samples_split': 350}",0.9750202042465653,0.9284814643771779,0.9945526680381208,0.9970086591445815,0.9737656912548805,0.027498014988213006,126
218,2.9681265354156494,0.14413875753763222,0.0358046293258667,0.0021651205955069567,17,370,"{'max_depth': 17, 'min_samples_split': 370}",0.9748417771340407,0.9284079936185399,0.9945631638607834,0.9970086591445815,0.9737053402745707,0.027528298584265237,130
219,2.928589701652527,0.12415558941536001,0.036331355571746826,0.002925221117023456,17,390,"{'max_depth': 17, 'min_samples_split': 390}",0.9720499176086569,0.9284079936185399,0.994500188924808,0.9971556022041459,0.9730283597128343,0.027545832713236677,137
220,2.9081528782844543,0.12797846653124748,0.03814452886581421,0.0030825791729635144,17,410,"{'max_depth': 17, 'min_samples_split': 410}",0.971934464771141,0.9283450186825644,0.994447709811495,0.9970926266071897,0.9729548889541962,0.027548354825277975,148
221,2.9563437700271606,0.09476674231284128,0.03883981704711914,0.002543562647042016,17,430,"{'max_depth': 17, 'min_samples_split': 430}",0.9719449604836424,0.928428985263865,0.9944896931021453,0.9971031225400158,0.9729916243335153,0.027524759409532217,144
222,2.9296038150787354,0.13485244262065305,0.035285234451293945,0.001108175044202098,17,450,"{'max_depth': 17, 'min_samples_split': 450}",0.971934464771141,0.928428985263865,0.9944267181661699,0.9972185778011021,0.9730021201561778,0.02753792076271769,142
223,2.942505657672882,0.11280204604375285,0.03770852088928223,0.00603866071892492,17,470,"{'max_depth': 17, 'min_samples_split': 470}",0.9719554561961439,0.9283870019732147,0.9944687014568202,0.9972815533980582,0.973023111801503,0.02757671721270878,138
224,2.943434000015259,0.12338944755905504,0.03612023591995239,0.0021309241431994004,17,490,"{'max_depth': 17, 'min_samples_split': 490}",0.9719449604836424,0.9282715479239263,0.9944582056341577,0.9972815533980582,0.9729890003778496,0.02762150112415664,146
225,3.047017753124237,0.18265146663744988,0.03775542974472046,0.0016452690157736263,19,10,"{'max_depth': 19, 'min_samples_split': 10}",0.9792709678096497,0.8816595994794072,0.995749191821655,0.9974494883232747,0.9635322641588647,0.04779942223262879,175
226,3.0439584851264954,0.16441510929142675,0.035866498947143555,0.002210704805685503,19,30,"{'max_depth': 19, 'min_samples_split': 30}",0.9803625219097999,0.9220370292623535,0.9954028296737898,0.9971031225400158,0.9737263319198959,0.030545714298018015,128
227,3.0114411115646362,0.15300865916009296,0.03769487142562866,0.002671907486157197,19,50,"{'max_depth': 19, 'min_samples_split': 50}",0.9776966109344333,0.9213967840799362,0.9948570468953356,0.9971241144056678,0.9727685881019354,0.030595887631235337,158
228,3.0234751105308533,0.14964205950008447,0.03792911767959595,0.0011567050701344601,19,70,"{'max_depth': 19, 'min_samples_split': 70}",0.9783578408220241,0.9216381880011756,0.9945106847474705,0.9967042770926267,0.9728026995255888,0.03037755419190383,157
229,2.9841809272766113,0.13569705940675925,0.03916633129119873,0.003562646276731996,19,90,"{'max_depth': 19, 'min_samples_split': 90}",0.9793129506596555,0.9188043158822788,0.9940383727276544,0.9965993177643663,0.9721886938998279,0.03151955009004664,160
230,2.958616077899933,0.13862683040433157,0.03803128004074097,0.00452032096481363,19,110,"{'max_depth': 19, 'min_samples_split': 110}",0.9793549335096613,0.9202107561190647,0.9947206012007221,0.9972500655995802,0.9728840421512238,0.031172424169005713,149
231,2.9809828400611877,0.11414713446862727,0.04116302728652954,0.006023442270832741,19,130,"{'max_depth': 19, 'min_samples_split': 130}",0.9750831785215739,0.9198329065032117,0.9946576262647466,0.9971556022041459,0.9716822704563584,0.03113146974375101,166
232,2.9876856207847595,0.135778979006171,0.036783576011657715,0.0011054638911515168,19,150,"{'max_depth': 19, 'min_samples_split': 150}",0.9738236930214007,0.9192451404341072,0.9947206012007221,0.9971451062713199,0.9712335740375331,0.03135501122625688,171
233,3.0029122829437256,0.11994721418388035,0.038176000118255615,0.0025451471394945437,19,170,"{'max_depth': 19, 'min_samples_split': 170}",0.9740126158464267,0.9186678701876653,0.9947310970233847,0.997187090002624,0.9711496074562325,0.03160917462427931,173
234,2.969216227531433,0.14243617266526884,0.03858119249343872,0.001980698928952913,19,190,"{'max_depth': 19, 'min_samples_split': 190}",0.9743904614964787,0.9187728284142911,0.9946786179100718,0.9971660981369719,0.9712519417271925,0.03156047114209522,170
235,2.9828882217407227,0.14296509642834046,0.036156654357910156,0.002544391062501186,19,210,"{'max_depth': 19, 'min_samples_split': 210}",0.9762901854592398,0.9189302657542299,0.9947101053780595,0.9971346103384938,0.971766237037659,0.031551841821487965,164
236,2.9815868735313416,0.14119778823802032,0.036837637424468994,0.0015679023220959072,19,230,"{'max_depth': 19, 'min_samples_split': 230}",0.9748627685590436,0.9181325832318737,0.9946786179100718,0.9970716347415377,0.9711863428355515,0.031820378488377384,172
237,2.971572518348694,0.13060370118788867,0.03708165884017944,0.002824311063668541,19,250,"{'max_depth': 19, 'min_samples_split': 250}",0.9747683071465306,0.9286389017171166,0.9946681220874092,0.9970716347415377,0.9737866829002058,0.027465904027053782,125
238,2.968204438686371,0.16064621090858466,0.03780806064605713,0.0039722211990280585,19,270,"{'max_depth': 19, 'min_samples_split': 270}",0.9747368200090263,0.9279251857760611,0.9946576262647466,0.9969876672789294,0.9735767664469541,0.027739321062870175,134
239,2.991193652153015,0.10928661023702001,0.03673994541168213,0.0009242424299163749,19,290,"{'max_depth': 19, 'min_samples_split': 290}",0.9748837599840465,0.9279461774213863,0.9946261387967589,0.9970506428758856,0.9736266216046013,0.02773960224206402,132
240,2.9763970375061035,0.1310085910626235,0.03575485944747925,0.0031074381401088418,19,310,"{'max_depth': 19, 'min_samples_split': 310}",0.9750726828090724,0.9278936983080733,0.9946366346194214,0.9969876672789294,0.9736476132499265,0.02775222062966829,131
241,2.9601293802261353,0.14418321349732469,0.035916268825531006,0.0017757987430286751,19,330,"{'max_depth': 19, 'min_samples_split': 330}",0.9750202042465653,0.9282820437465888,0.9946366346194214,0.9969876672789294,0.9737315798312272,0.027591584509930517,127
242,2.968745470046997,0.1350727235917015,0.03778564929962158,0.00455578100838998,19,350,"{'max_depth': 19, 'min_samples_split': 350}",0.9750306999590668,0.9278202275494353,0.9946051471514338,0.9969876672789294,0.9736108778706075,0.027776012415107996,133
243,2.9776909351348877,0.11915119662299087,0.03787964582443237,0.0019029021018919273,19,370,"{'max_depth': 19, 'min_samples_split': 370}",0.9748522728465422,0.927778244258785,0.9945841555061086,0.9969876672789294,0.9735505268902976,0.027787154112165424,135
244,2.971640706062317,0.15854493251172633,0.03531366586685181,0.0016357486085308514,19,390,"{'max_depth': 19, 'min_samples_split': 390}",0.9720499176086569,0.9277677484361224,0.994500188924808,0.9971346103384938,0.9728630505058986,0.02780069987113338,150
245,2.9772647619247437,0.1433717832710746,0.03579521179199219,0.004081874794150226,19,410,"{'max_depth': 19, 'min_samples_split': 410}",0.971934464771141,0.927778244258785,0.994447709811495,0.9971346103384938,0.9728236911709139,0.027787118369372917,154
246,2.947945535182953,0.13951901987473037,0.03808021545410156,0.00714535350816143,19,430,"{'max_depth': 19, 'min_samples_split': 430}",0.971934464771141,0.9277887400814476,0.9944687014568202,0.9970821306743637,0.9728184432595827,0.027775482094288782,155
247,2.991172194480896,0.12875918397254044,0.036147892475128174,0.0008593064748490405,19,450,"{'max_depth': 19, 'min_samples_split': 450}",0.971934464771141,0.927778244258785,0.9944582056341577,0.99719758593545,0.9728420588605735,0.027802942274777923,152
248,2.861036241054535,0.11874553083658212,0.028081178665161133,0.004977358658618953,19,470,"{'max_depth': 19, 'min_samples_split': 470}",0.9719449604836424,0.9277362609681347,0.994447709811495,0.9972605615324062,0.9728473067719048,0.027831631531271248,151
249,2.2522172927856445,0.2952886028957189,0.021483302116394043,0.0026717865387158343,19,490,"{'max_depth': 19, 'min_samples_split': 490}",0.9719449604836424,0.9276103110961837,0.9944791972794828,0.99719758593545,0.9728079474369201,0.027874999450351857,156
