,fit_time,score_time,test_accuracy
0,6112.759733438492,377.0108985900879,0.8910579345088161
1,6110.393206119537,376.00345945358276,0.8910579345088161
2,6100.374770641327,382.0296366214752,0.8910550759623206
3,6092.190104484558,382.20338463783264,0.8910550759623206
4,6025.129417657852,382.34738206863403,0.8910550759623206
5,6010.031483411789,382.8230323791504,0.8910784570978746
6,6098.880805015564,380.38964772224426,0.8910784570978746
7,6102.975555419922,382.43904972076416,0.8911018394604949
8,3095.247592687607,173.11962914466858,0.8911018394604949
9,3034.9742341041565,176.26701378822327,0.8911018394604949
